-0.2710177023  0.4394583115   9.647278294 0.6606203699 0.2840822052  9.843294485 1776669964 1776669964
-0.2387558361  0.4553864477   9.672794084 0.6454227119 0.2776939231  9.837970477 1776669964 1776669964
-0.09961718922   0.4652712771    9.747386364 0.6049734994 0.2504328663  9.827142906 1776669964 1776669964
-0.1379301554  0.4073693302   9.789055781    0.5389889 0.2098489227  9.811482928 1776669964 1776669964
-0.2591127105  0.3839537205   9.785310623 0.4510293065 0.1677980956  9.792205098 1776669964 1776669964
-0.2809378626  0.3460688349    9.82409381 0.3464848351 0.1353574785  9.771607046 1776669964 1776669964
-0.2080707055  0.3008528722   9.864964045 0.2341608381  0.122098137  9.752966521 1776669964 1776669964
0.01759141192  0.2013722812   9.979744469 0.1225460979 0.1339727573  9.737473154 1776669964 1776669964
0.01243438373  0.1910520617   9.983996796 0.02018731112  0.1718998318   9.725626125 1776669964 1776669964
-0.09763631616   0.2215123295    9.962529172 -0.06456136359   0.2313664855    9.718205808 1776669964 1776669964
-0.09645170242   0.2229587922    9.973935906 -0.1240991309  0.3023019929   9.716824745 1776669964 1776669964
-0.02697790754   0.2306254395    9.977264658 -0.1558186956  0.3717904317   9.720368395 1776669964 1776669964
0.1081054633 0.2839282792   9.96005202 -0.1614121205  0.4259344338   9.726263642 1776669964 1776669964
0.1521932269 0.2944768816  9.938116899 -0.1466676478  0.4524519412   9.730830824 1776669964 1776669964
0.06183320508  0.2859999945   9.940183878 -0.1184044846  0.4432579958   9.732091712 1776669964 1776669964
0.01703377455  0.3049355983   9.922936237 -0.08423080212   0.3958310185    9.728917629 1776669964 1776669964
0.01545974596  0.3371151249   9.904583452 -0.05229903949   0.3143151196    9.720398668 1776669964 1776669964
0.09513715928  0.3494916023   9.879865303 -0.02867279043   0.2095332537    9.707427576 1776669964 1776669964
 0.155688247 0.2803963327   9.89298567 -0.01651633064  0.09745841821    9.693036917 1776669964 1776669964
0.09830314385  0.2890052654   9.904893724  -0.01557134012 -0.003029414809     9.682000423 1776669964 1776669964
0.05922003286  0.2923208389   9.926189362 -0.02246728576  -0.0731769228    9.679685283 1776669964 1776669964
0.04983116085  0.2957896451   9.963401533 -0.03142871542  -0.0979849672    9.691667176 1776669964 1776669964
0.04544375457  0.2989607527   10.08171756 -0.03534974858 -0.06883317804    9.722269734 1776669964 1776669964
0.03658553125  0.2840924471   10.14123433 -0.02820006327   0.0137209056    9.772570649 1776669964 1776669964
0.02759686741  0.2582943485   10.11687158 -0.005580145769    0.1399553324     9.839419808 1776669964 1776669964
-0.07806341436   0.2597792791     10.1628991 0.03444850379  0.2906748643   9.916210788 1776669964 1776669964
-0.1013017993  0.2703267929   10.19194237 0.09129729637  0.4397434344   9.993671009 1776669965 1776669965
-0.09731447171    0.317177275     10.2205354 0.1611808932 0.5582520951  10.05954856 1776669965 1776669965
-0.02340348747     0.35466651     10.1711079  0.237051764 0.6199055741  10.09904583 1776669965 1776669965
0.008829468924   0.3138703356    10.15797399  0.306505624 0.6038094794  10.09679089 1776669965 1776669965
-0.006199651561    0.3050335752     10.11227434  0.363135976 0.5005834032  10.04770553 1776669965 1776669965
0.04297129163   0.283025298   10.04244123 0.3998169542 0.3144746312  9.951036606 1776669965 1776669965
0.09704006888  0.2539394644   9.870725445  0.4147078073 0.06436761431   9.816000859 1776669965 1776669965
0.2461442123 0.2019686946  9.838069604  0.4039308998 -0.2120156392   9.651710164 1776669965 1776669965
0.3139894213 0.1298487547  9.887951402  0.3486116891 -0.4733672741   9.464566565 1776669965 1776669965
0.2327591132 0.1252663272  9.897027572  0.2621578933 -0.6766253829   9.288376854 1776669965 1776669965
0.1188329823 0.1563447284  9.947909242  0.1524885811 -0.7810665228   9.149630121 1776669965 1776669965
-0.3199162156  0.3080546206   10.23069235 0.04051356084  -0.761725398   9.077410352 1776669965 1776669965
0.1233795167 0.3879410155  10.36351728 -0.07255090087  -0.5905712957    9.069682149 1776669965 1776669965
0.4250434768 0.3462072524  10.28064231  -0.24702582 -0.290343077  9.117592569 1776669965 1776669965
0.2998674902 0.3972881141  10.39037321 -0.4310493337   0.105299153   9.237846513 1776669965 1776669965
0.1622971309 0.3890093509  10.51678479 -0.6172573186  0.5528632761   9.414462112 1776669965 1776669965
-0.831195997 0.5665979023  10.81874127 -0.7992711946  0.9968638868   9.622091434 1776669965 1776669965
-0.2020015329 0.04998547565    10.7870793 -0.9730478499   1.379220771   9.814317287 1776669965 1776669965
 0.5288293126 -0.2298340122   10.64107406 -1.132292796  1.661576065  10.01120431 1776669965 1776669965
 0.5245906107 -0.2407373306   10.61050446 -1.240538677   1.78655338  10.18135205 1776669965 1776669965
 0.3352465538 -0.1507429642   10.53565838 -1.27656595 1.730263675 10.30947875 1776669965 1776669965
-0.5096612642  0.1265338352   10.15422613  -1.2370824 1.496762822 10.37884788 1776669965 1776669965
-0.1347186751  0.1819933669   10.08292501 -1.120982572  1.112866945   10.3886664 1776669965 1776669965
0.3271784349 0.1187186727  10.20520042 -0.885582965 0.6325787356  10.35557116 1776669965 1776669965
0.3153181133 0.2090243772   10.1665189 -0.5740532881   0.123355568   10.27303491 1776669965 1776669965
0.2089841291  0.343959024  10.11068005 -0.2162164607 -0.3445683439   10.15144169 1776669965 1776669965
-0.1970116899  0.6452979748   10.05234287 0.1433527074   -0.7102521   10.0044807 1776669965 1776669965
0.01726946637  0.5983396749   10.11526326   0.466623128 -0.9196966983   9.846702401 1776669965 1776669965
0.2219705893 0.4667209816   10.1113421  0.7309993815 -0.9578911259   9.702208302 1776669965 1776669965
0.2284594565 0.4297315979  10.12815746  0.8999313015 -0.8321363462   9.586909348 1776669965 1776669965
0.1681215327 0.3976034262  10.16020046  0.9605587497 -0.5699052942    9.51379279 1776669965 1776669965
-0.1000544995  0.2772137495   10.25185608  0.9139161634 -0.2181654346   9.490684462 1776669965 1776669965
0.001508481499    0.142949682    10.23941544 0.7759796606 0.1649833172  9.518767423 1776669965 1776669965
0.168159451 0.113477763 10.21453235 0.5739138814 0.5203284072  9.591780654 1776669965 1776669965
  0.160566744 0.06536826498   10.21490767 0.3407437381  0.796589958  9.697949377 1776669965 1776669965
 0.1178854833 0.03855822936   10.21473425 0.1102515275 0.9574832924  9.820639656 1776669965 1776669965
-0.1812853054 0.07277249528   10.22209785 -0.08879616302   0.9868805318    9.940577323 1776669965 1776669965
-0.1199974107   0.198625258   10.23634872 -0.2372828123  0.8886069061   10.03929097 1776669965 1776669965
0.03415569415  0.1690660877   10.22943096 -0.3255849422  0.6898678587   10.10008957 1776669965 1776669965
0.01479203988  0.1822714269   10.23515257 -0.3595060249  0.4303102876   10.11212587 1776669965 1776669965
-0.03860406103   0.2038789062    10.24392353 -0.3532917456  0.1569799454   10.07256208 1776669965 1776669965
-0.2703943213  0.3783465278   10.26835922  -0.3273791265 -0.08363546012    9.987033895 1776669965 1776669965
-0.1753914076  0.4271695346   10.25183757 -0.3013087802 -0.2534528234   9.869544192 1776669965 1776669965
-0.05001133353    0.387044852     10.2472875 -0.2897124196 -0.3274198171   9.738672106 1776669965 1776669965
-0.03286763197   0.3979253334    10.24277246 -0.3004515349 -0.2983694532   9.616528051 1776669965 1776669965
-0.03591647934   0.3893632301    10.23636655 -0.331173271 -0.176148747  9.524249085 1776669965 1776669965
-0.07807097937     0.30174407    10.22838582 -0.3706416402 0.01527351066   9.478097546 1776669965 1776669965
0.0220514658 0.2025305381  10.26524055 -0.4023004519  0.2424685302   9.486376821 1776669965 1776669965
0.09338680897  0.2211629257   10.26084161 -0.4085916828   0.468824912   9.547943269 1776669965 1776669965
0.09553148737  0.1964432511   10.27748915 -0.3748589823  0.6600806632   9.651902861 1776669965 1776669965
0.1033887012 0.1767992294  10.30520104 -0.2942447398  0.7894856613   9.779482326 1776669966 1776669966
0.05813966695  0.1084040482   10.44235185 -0.1698908987  0.8411135692   9.907221696 1776669966 1776669966
 0.1153636327 0.03094425104   10.43917504 -0.01505520713   0.8112415319    10.01105347 1776669966 1776669966
  0.2011708405 0.001915569858    10.38377135 0.1495629205 0.7066344063  10.07086018 1776669966 1776669966
  0.1758163352 -0.01017546831    10.37024828 0.2988886478 0.5433337999  10.07399683 1776669966 1776669966
  0.1320111546 0.005917407416    10.33886603 0.4085312627  0.343040095  10.01784058 1776669966 1776669966
-0.04696068563   0.1187522643    10.13334455  0.459748981 0.1299679443  9.910460382 1776669966 1776669966
-0.1634507355  0.1842704366   9.929773138   0.4431435167 -0.07209146891    9.769463556 1776669966 1776669966
-0.01603070532  0.09055791408    10.03122292  0.3608121915 -0.2423880946   9.619093481 1776669966 1776669966
-0.02203127371  0.08184875188    10.00637424  0.2263290872 -0.3638114606   9.486159746 1776669966 1776669966
-0.06156363126   0.0925400167    9.966696814  0.0615611803 -0.4237926453   9.395556253 1776669966 1776669966
-0.1347656101  0.1321350274   9.917930097 -0.1068106127 -0.4142302221   9.366213668 1776669966 1776669966
-0.1459629732  0.1943471737   9.987030818  -0.252151519 -0.3324792864   9.407661023 1776669966 1776669966
-0.06505223475   0.1967161117     10.0297712 -0.3517213639 -0.1804890908   9.518850111 1776669966 1776669966
-0.08027267073   0.1973123436    10.03627261 -0.3911779261  0.0341882108    9.68816945 1776669966 1776669966
-0.09624683974    0.218975649    10.06821332 -0.3682436842  0.2963519685   9.894562978 1776669966 1776669966
-0.1172689515   0.260040507   10.13159997 -0.2897084743  0.5838779235   10.11117458 1776669966 1776669966
-0.1522620082  0.3156506775   10.16262511 -0.1710712747  0.8681518232   10.30912161 1776669966 1776669966
-0.1699915453    0.25147865   10.06986069 -0.03240667209    1.115590088    10.46141969 1776669966 1776669966
-0.1835792354  0.2119918698   10.06331306 0.1059510417  1.290677914  10.54722397 1776669966 1776669966
-0.2017208767  0.2069198978   10.02349415 0.2261689868  1.362594277  10.55490599 1776669966 1776669966
-0.2305246318  0.2133494514   9.908380096 0.3159490297  1.309377755  10.48337229 1776669966 1776669966
-0.2987024816  0.1641866695   9.524334876 0.3700016012  1.122951762  10.34217286 1776669966 1776669966
-0.2937440356   0.163835904   9.529978524 0.3883836974 0.8122193957  10.15017585 1776669966 1776669966
-0.3084168122   0.247163693   9.648635919 0.3758904558  0.408113174  9.931739759 1776669966 1776669966
-0.3187132295  0.3009515216   9.642132415   0.3393555197 -0.04497012632    9.715336521 1776669966 1776669966
-0.2849776471  0.3040907439    9.66938934  0.2850159597 -0.4888916359   9.528234679 1776669966 1776669966
-0.05100675279 -0.09910157126    10.08557281  0.2178294008 -0.8635711621   9.394121357 1776669966 1776669966
-0.1463527353  0.4188771392   10.21985817 0.1404791611 -1.114558871    9.3304485 1776669966 1776669966
-0.2888340269  0.8075544782   10.02333305 0.04818245938  -1.190138752   9.339595573 1776669966 1776669966
-0.2881279893  0.8405221549   10.10532778 -0.05901496803   -1.085373062    9.421220127 1776669966 1776669966
-0.2431978711  0.7687183023   10.28492689 -0.1813365159 -0.8155562907   9.563259066 1776669966 1776669966
-0.03966263529   0.3561950329    10.67469239 -0.3156432472 -0.4207757289   9.745889119 1776669966 1776669966
-0.1070767522  0.8361154683   10.55537719 -0.4551171894 0.03698221517    9.94314613 1776669966 1776669966
-0.1596565781    1.14732498   10.43628997 -0.5867947918  0.4741299138   10.12608208 1776669966 1776669966
-0.1513795673   1.108500244   10.42647377 -0.6960190998  0.8246388672   10.27025467 1776669966 1776669966
-0.1390983831  0.9351127249   10.38533688 -0.7669547699   1.035633595    10.3554976 1776669966 1776669966
-0.08017974251    0.193721981    10.17842868 -0.7852647247   1.079827233   10.37026563 1776669966 1776669966
-0.137387806 0.5580410631  10.09087266  -0.74194641 0.9578592195  10.31229551 1776669966 1776669966
-0.1536491378  0.8675803026   10.11052179 -0.6340163724  0.6983930895   10.18590651 1776669966 1776669966
-0.1542027238  0.7285785755   10.06196558 -0.4695148021  0.3661648608   10.00977949 1776669966 1776669966
-0.136045363 0.6220654757  9.990437545 -0.2641578186 0.03481565719   9.808016252 1776669966 1776669966
0.02984223601  0.2272612296   9.869599663 -0.04068571609  -0.2215901257    9.606551906 1776669966 1776669966
-0.01870739439   0.8204501501    9.824773108  0.1743608756 -0.3406994149   9.429510237 1776669966 1776669966
-0.05900256579    1.187772634    9.803484208  0.3546145683 -0.2877460308   9.294958281 1776669966 1776669966
-0.04638188545    1.026494136    9.802020379 0.4778035423 -0.060769106  9.219491745 1776669966 1776669966
-0.06152284838   0.6422632948    9.806243598 0.5292030253 0.3068591677  9.209138658 1776669966 1776669966
-0.0234234892  0.1452155852   9.761240383 0.5042858441 0.7554105434  9.258054878 1776669966 1776669966
0.03829037324  0.1578006404   9.715874197 0.4108566425  1.207144148  9.351544199 1776669966 1776669966
0.06033812676  0.4868926038   9.702459092  0.26329776 1.574057173 9.472713852 1776669966 1776669966
 0.106299357 0.5450581103  9.672917959 0.08281339747   1.776024433   9.604220448 1776669967 1776669967
0.1161471816 0.3992313563  9.642963526 -0.1056949365    1.75963579   9.727825615 1776669967 1776669967
  0.08529673798 -0.002559260885     9.607083649 -0.2768384314   1.505926164   9.828422774 1776669967 1776669967
0.07499549414 -0.2004839512   9.601099537 -0.4096193079   1.035771768   9.894391686 1776669967 1776669967
0.06205230355 -0.1263297806   9.619085248 -0.4900254843  0.4019450043   9.922958849 1776669967 1776669967
  0.0433796677 -0.00973636803    9.637187959 -0.5114915522 -0.3145413568   9.916987699 1776669967 1776669967
0.005605836351  0.08334680869    9.666560913 -0.4763767113  -1.015316781   9.883516846 1776669967 1776669967
 -0.1038550778 0.009469076916     9.74265619 -0.393662438 -1.598891876  9.831742061 1776669967 1776669967
-0.1732955408 -0.1314191876   9.856262188 -0.2783876684  -1.977784427   9.770973163 1776669967 1776669967
-0.07830394393  -0.1685143937    9.845881253 -0.1479353538  -2.091622367   9.709954863 1776669967 1776669967
-0.06692269416  -0.1448430711     9.87707174 -0.01849309024   -1.916156284    9.655512891 1776669967 1776669967
-0.08000552126   0.0436986168    9.923186863 0.09485694009  -1.464695695   9.612467313 1776669967 1776669967
-0.08700113291   0.2923757967    10.01523599  0.1812893472 -0.7861154042    9.58464487 1776669967 1776669967
-0.1124467529  0.5212327543    10.1070886  0.2352034666 0.03995779186   9.574729225 1776669967 1776669967
-0.0579279193  0.4545545559   10.08673937 0.2557493965 0.9137223247    9.5848683 1776669967 1776669967
-0.03367862902    0.258375709       10.10791 0.2466028819  1.728372483  9.615598767 1776669967 1776669967
-0.004833845205   0.07064952297     10.14038034 0.2140649906  2.384290481  9.666820195 1776669967 1776669967
0.06195270816 0.06810283265   10.19591539 0.1653259227   2.79940606  9.737979318 1776669967 1776669967
0.09086433939  0.2164281623   10.21146883 0.107211579 2.916776326 9.827186475 1776669967 1776669967
0.03781650256  0.2017250122   10.18767737 0.04516455854   2.708986883   9.930217349 1776669967 1776669967
0.05987487659  0.2943450509   10.17609281 -0.017981615  2.180759579  10.03956941 1776669967 1776669967
0.08297425898  0.2952574384   10.15911486 -0.08205828469    1.369355069    10.14471489 1776669967 1776669967
0.06920406593  0.2585698807   10.10958944 -0.1479417318  0.3432987443   10.23383185 1776669967 1776669967
0.08529425329 0.01834340874   10.07560011 -0.2183420622 -0.8055438808   10.29435148 1776669967 1776669967
0.08549877873 -0.5621005853   10.05426206 -0.2942822245  -1.971887303   10.31253197 1776669967 1776669967
 0.1189631916 -0.5986080783   10.04388865 -0.3741420356  -3.040768023   10.27579372 1776669967 1776669967
 0.1195370118 -0.5110962319   10.04416671 -0.4516617333   -3.88877621   10.18350167 1776669967 1776669967
0.08206046769 -0.2238432546   10.08574966 -0.5183782278  -4.402742844   10.04316005 1776669967 1776669967
0.01048021778 0.01910216346   10.19875313 -0.561872716 -4.492771847  9.869906127 1776669967 1776669967
-0.1155841832 -0.5362123872   10.15455384 -0.5686981149  -4.106082012   9.673165116 1776669967 1776669967
-0.09759707721  -0.6458896657    10.13846891 -0.5281031304  -3.225654445   9.475303796 1776669967 1776669967
-0.1031468113 -0.6200122948   10.15624192 -0.4301442686  -1.884981439   9.316249289 1776669967 1776669967
-0.1057449765 -0.3246069807    10.1948548 -0.2731491483  -0.176557075    9.22542399 1776669967 1776669967
-0.1031839741  0.3574362471    10.2236129 -0.06371133565    1.753585331    9.229023357 1776669967 1776669967
-0.2257821456 -0.5752468754   10.12023036 0.1820588393  3.719951468  9.329276361 1776669967 1776669967
-0.2561142044 -0.8883241626   10.07435201 0.4396187536  5.521182964   9.50643359 1776669967 1776669967
-0.2535428689 -0.8101717621   10.05815563 0.6798167534  6.946915369  9.754601026 1776669967 1776669967
-0.2128851067 -0.3166922202   10.00576643 0.8717761914  7.818693612  10.04124675 1776669967 1776669967
0.01395668853   1.132587786   9.885741032 0.9908204236   8.01166147  10.32565723 1776669967 1776669967
-0.1991257982 -0.1621561482    9.93294948 1.015225077 7.475095598 10.56604044 1776669967 1776669967
-0.3074082122 -0.7559645006   9.899674728 0.9381193498  6.262084824  10.69885295 1776669967 1776669967
-0.3173308408 -0.8364348375   9.894342435 0.7658119841  4.491779956  10.70710512 1776669967 1776669967
-0.2583340635 -0.5508779749   9.942983908 0.5163310494  2.361261183  10.58062615 1776669967 1776669967
0.06660116205  0.6079730606    10.2225202 0.2180820734 0.1123522097  10.32700595 1776669967 1776669967
-0.08183074584  -0.4003566009    10.21005868 -0.09697349302   -1.998575682    9.967966159 1776669967 1776669967
-0.2185110872 -0.8498622968   10.07131022 -0.3883280692  -3.730931811    9.57117758 1776669967 1776669967
-0.2073269437 -0.7787319342   10.09092613 -0.6292403818  -4.915341276   9.182407274 1776669967 1776669967
-0.1563131892 -0.4744744588   10.15447845 -0.7990136074  -5.454051387    8.85579363 1776669967 1776669967
0.0393564781 0.4976192135  10.33694438 -0.8894734427   -5.33871761   8.626805451 1776669967 1776669967
  -0.0470760634 -0.001142514426     10.35621563 -0.9061099972  -4.644358764   8.515493824 1776669967 1776669967
-0.1491246163 -0.6323953452   10.25834712 -0.8530383439  -3.520047447   8.559705806 1776669968 1776669968
-0.1415904037 -0.6523910367    10.2702186 -0.7502421783  -2.154858159   8.732832379 1776669968 1776669968
-0.1107634519 -0.5527093335   10.31414661 -0.6181867852 -0.7500556765   8.999428396 1776669968 1776669968
-0.0003507561661     0.1929902705      10.59478855 -0.4743108484  0.5104370452   9.314161479 1776669968 1776669968
-0.009282563071  -0.08200501327     10.60879118 -0.3311093942   1.485082281   9.628878609 1776669968 1776669968
-0.07154247129  -0.2875955786    10.50577871 -0.1978584692   2.089397559   9.909887488 1776669968 1776669968
-0.06426688925  -0.2056681376    10.52911974 -0.08003211632    2.305955759    10.11592558 1776669968 1776669968
-0.04918381286   -0.142179063     10.5549053 0.02262308519   2.172832051   10.23113972 1776669968 1776669968
0.01598120759  0.3270421942   10.57398455 0.110826493 1.772205493 10.25565397 1776669968 1776669968
0.001954951122   0.3444607984    10.49216701 0.1848800721  1.211425421  10.20317462 1776669968 1776669968
-0.06307342553  -0.1749285715    10.51404505 0.2437927793  0.600311864   10.0999017 1776669968 1776669968
-0.07527203342  -0.1914936432     10.4900967  0.2850851938 0.03621589525   9.974708999 1776669968 1776669968
-0.08513523263  -0.1608179104    10.43984087  0.305839509 -0.407234314  9.855247115 1776669968 1776669968
-0.1096935218  0.2953067495   10.23259287  0.3034566453 -0.6871043992    9.76462337 1776669968 1776669968
-0.1429759183  0.1325765256     10.230911  0.2773809412 -0.7881920242   9.717367643 1776669968 1776669968
 -0.1390841811 0.009745916717    10.28393484   0.229298375 -0.7209726011   9.718673821 1776669968 1776669968
-0.1750392326 0.07482645129   10.27216795   0.164740297 -0.5069081609   9.764176418 1776669968 1776669968
-0.1992975353   0.122650517   10.25811497 0.09092221644 -0.1770569263   9.842921007 1776669968 1776669968
-0.2192201179  0.3049836876    10.2376865 0.01644974316  0.2334760656   9.939284669 1776669968 1776669968
-0.2240329719  0.2434463489   10.23314481 -0.05092718317   0.6881042096    10.03640685 1776669968 1776669968
-0.237248722  0.147406199  10.23344201 -0.1051836715   1.146213953   10.11771794 1776669968 1776669968
-0.2385359106  0.1437921875   10.22199032 -0.1441482532   1.562207475   10.16932833 1776669968 1776669968
-0.2416117451  0.1315867154    10.1974991 -0.1686974741   1.884034682   10.18210806 1776669968 1776669968
-0.2405291514  0.2170348678   10.09643245 -0.1820981776   2.055649998   10.15137408 1776669968 1776669968
-0.232024815 0.2488902987  10.04361252 -0.1886272736   2.023615406   10.07876792 1776669968 1776669968
-0.2285903249   0.209306151    10.0752589 -0.1917235954   1.748198181   9.971465457 1776669968 1776669968
-0.2230746279  0.2272677441   10.07171511 -0.192534683  1.216713067  9.842439446 1776669968 1776669968
-0.2228347986   0.224692405   10.06928553 -0.1892404709  0.4559523295   9.709562514 1776669968 1776669968
-0.1886152039  0.2507071143   10.13229277 -0.1779313144 -0.4602403488   9.595300916 1776669968 1776669968
-0.1306471039  0.3392421432   10.22925893 -0.1533826212   -1.41108452   9.522787871 1776669968 1776669968
-0.1066980905  0.6173826402   10.20655065 -0.1108227222  -2.238469093   9.512055132 1776669968 1776669968
-0.09640489353   0.6786234245    10.23213583 -0.05011506544   -2.765883218    9.574970287 1776669968 1776669968
-0.09322396399   0.6572180261     10.2756315 0.02478573694  -2.834299859   9.717522727 1776669968 1776669968
-0.0618808493  0.4196819341   10.43374877 0.1038899111 -2.336122651  9.936278492 1776669968 1776669968
-0.009733333608    0.2695805375     10.54833346 0.1749858579  -1.24196211   10.2133349 1776669968 1776669968
-0.00332422184     0.76604709     10.4375444 0.2239586033 0.3881137691  10.50780011 1776669968 1776669968
-0.008617102768     0.735523817     10.42143897 0.2375122414  2.384069157    10.771508 1776669968 1776669968
-0.00289981182   0.6927114452    10.41939338 0.2090475776    4.4743559  10.96451698 1776669968 1776669968
-0.05673747998   0.3451889095    10.36987889 0.1396992437  6.338724805  11.04240899 1776669968 1776669968
-0.2998205797 -0.4026419394   10.13692389 0.03931876644   7.655673393   10.97283256 1776669968 1776669968
-0.07925120993    1.030602925    10.09917575 -0.07377131481    8.157687928    10.72453525 1776669968 1776669968
-0.03769587124    1.432434724    10.07420314 -0.1813282141    7.65227342   10.30803707 1776669968 1776669968
-0.03397202009    1.547020968    10.04256674 -0.260153506  6.112464759  9.761799317 1776669968 1776669968
-0.1256283721   1.308652875   9.972492281 -0.2943438277    3.66946691   9.138734443 1776669968 1776669968
-0.3664112713  -0.278185511    9.95339359 -0.2719743327  0.5998366236   8.506504577 1776669968 1776669968
-0.2095417805  0.4486870353   9.964661715 -0.2000396602  -2.713924557   7.947876133 1776669968 1776669968
-0.084564388  1.101877602  9.888817876 -0.08922782979   -5.834604153    7.561898461 1776669968 1776669968
-0.06298586084    0.966794769    9.907483473 0.03627092775  -8.328298447   7.376695137 1776669968 1776669968
-0.0825095402  0.4542756056   9.980718373 0.1466163465 -9.857360521  7.415785499 1776669968 1776669968
-0.3149792606   -1.72343464   10.30173721 0.2115662324 -10.22592641  7.678940612 1776669968 1776669968
-0.2445328045 -0.4635943956   10.36222411 0.2134368677 -9.415661014  8.171688036 1776669969 1776669969
-0.111186014 0.7157740771  10.17119629 0.1480482054 -7.546118029  8.791860921 1776669969 1776669969
-0.1275472302  0.8856281596   10.17513574 0.02222635211  -4.913596794   9.469472203 1776669969 1776669969
-0.1711638735  0.9003404983   10.19319214 -0.1398472731   -1.90352514   10.13172478 1776669969 1776669969
-0.3246159507  0.2903109265   10.18544628 -0.3204179903   1.073563472   10.70609831 1776669969 1776669969
-0.1093228795   1.296092217   10.01226174 -0.4817094809   3.647329847   11.13346921 1776669969 1776669969
0.0173919505  1.723128374  9.950048274 -0.6096208364   5.465140386   11.34602736 1776669969 1776669969
0.04184079162   1.579116256   9.920149958 -0.6751431409   6.395171623   11.38482485 1776669969 1776669969
0.0625922335   1.26992504  9.873396118 -0.6619795402   6.427866024   11.27739717 1776669969 1776669969
0.05281963457  0.4922554055   9.828313508 -0.5744672205   5.686108138   11.06105569 1776669969 1776669969
0.1178797176  0.798948679  9.829412533 -0.4287135688   4.388327163   10.77989775 1776669969 1776669969
0.1606561275  1.164954602  9.807372224 -0.2448209633   2.810607163   10.50837476 1776669969 1776669969
0.1313462432 0.9690335314  9.852310171 -0.05301541387    1.234675587    10.27030618 1776669969 1776669969
0.04811966472  0.6255262792   9.942567801  0.1171260462 -0.1101427486   10.08093678 1776669969 1776669969
 -0.1160181047 -0.02172382859    10.14282909 0.2384978954  -1.07410726  9.941904741 1776669969 1776669969
 -0.1160811365 -0.02189293612    10.18072133 0.2969063965 -1.599140999  9.845524847 1776669969 1776669969
-0.0596165994  0.1256053743   10.14742523 0.2919649796 -1.712327519  9.778375438 1776669969 1776669969
-0.08458247009  0.03785939771    10.18667656 0.2344341905 -1.510169055  9.722274142 1776669969 1776669969
 -0.1316677368 -0.08366237137    10.23090631 0.1441581944 -1.124265458  9.663983634 1776669969 1776669969
-0.1839738357 -0.3204135338   10.27969262 0.04695689719 -0.6907151028   9.597115697 1776669969 1776669969
-0.1451602587 -0.2127095435   10.25706096 -0.03107373007  -0.3214371993    9.523729077 1776669969 1776669969
 -0.1203288336 -0.09014225853    10.24473107 -0.06946443086 -0.08530611967    9.452987498 1776669969 1776669969
-0.09941794508  0.01601104633    10.23008105  -0.05732755213 0.0004811661363     9.399893814 1776669969 1776669969
-0.06799638745   0.1794979755    10.19241517 0.004345075692 -0.03459726803    9.379543009 1776669969 1776669969
-0.02000905568   0.4043789888    10.08921188  0.1031447672 -0.1283287515    9.40330918 1776669969 1776669969
0.004816091893   0.6277728313    10.05578023  0.2176505009 -0.2071983075    9.47674957 1776669969 1776669969
0.03055250459  0.5865122179   10.04383665  0.3207960254 -0.2030208398   9.597111005 1776669969 1776669969
0.03165824021  0.4927933689   9.996185145   0.3856041754 -0.06852445719    9.747531235 1776669969 1776669969
-0.01191266748   0.2825471117    9.921438096 0.3909394342 0.2065760873  9.904186018 1776669969 1776669969
-0.06611598567   0.1597954465    9.758412235 0.3241072676  0.596374214  10.03620859 1776669969 1776669969
-0.07900632483   0.1023202431    9.731298195 0.1848664421  1.042534469   10.1168262 1776669969 1776669969
-0.05461379026   0.1384416914     9.73681721 -0.01448095445    1.467429058    10.12465282 1776669969 1776669969
-0.0596406618   0.139700498    9.70762849 -0.2500132627   1.789436426   10.05126061 1776669969 1776669969
 -0.105821435 0.05483459258   9.695500155 -0.4897818895   1.938349083   9.901892294 1776669969 1776669969
 -0.180048239 0.03554753153   9.746252485 -0.6992046379   1.867393285    9.69633861 1776669969 1776669969
-0.1712201478 -0.1414987119   9.849417992 -0.8463310548    1.56104984   9.467003657 1776669969 1776669969
-0.1343107329 -0.3042964423   9.852995285 -0.9067460737   1.035119002   9.252113791 1776669969 1776669969
-0.1108378153 -0.2328785423   9.937426697 -0.8678697742  0.3417171703   9.092705853 1776669969 1776669969
-0.1023942726 -0.1258732644   10.06798321 -0.7307059362 -0.4426780373   9.024608112 1776669969 1776669969
0.005845647055   0.3540224561    10.43732569 -0.5114258829  -1.227206028   9.072836313 1776669969 1776669969
-0.01107677904   0.2338058992    10.53693191 -0.2373451272  -1.919281643   9.245577135 1776669969 1776669969
-0.05037473124   -0.166912436    10.42608821 0.05497553115  -2.435363966   9.526884644 1776669969 1776669969
-0.01575018103  -0.1618362749    10.45760528 0.3278688363 -2.706151828  9.891558435 1776669969 1776669969
0.01676722275 -0.1487561586   10.47953531 0.5464881515 -2.688667738  10.30022295 1776669969 1776669969
0.1112746098 0.4052662684  10.42368189 0.6851831444 -2.370344533  10.70738656 1776669969 1776669969
0.06787811103 -0.2177914703   10.29899176 0.7301113476 -1.770971349  11.06471268 1776669969 1776669969
-0.03674592794  -0.9621864167    10.25544593  0.6817002937 -0.9360411443   11.30583129 1776669969 1776669969
-0.005119161663   -0.9331983416     10.20134364  0.5558509017 0.05946719361   11.40632869 1776669969 1776669969
-0.01072744325  -0.8210775795    10.14302396 0.3791258906  1.121271525  11.35191503 1776669969 1776669969
0.00791630554 -0.4266488373   10.04763457 0.1862708853  2.145539199  11.14383408 1776669969 1776669969
0.05452716284  0.5882517938   9.940737146 0.01383473712   3.028879336   10.80291204 1776669970 1776669970
-0.1296010303 -0.3616543799    9.97613357 -0.1081420583    3.68018195   10.36348872 1776669970 1776669970
 -0.178099176 -0.8421409018   9.948979474 -0.1581242911    4.03644117   9.860019107 1776669970 1776669970
-0.1987057411 -0.9162422006   9.946047235 -0.1279108373   4.060106884   9.352540658 1776669970 1776669970
-0.1961524108 -0.6067804347    9.99993059 -0.02463807323    3.752192876    8.894511933 1776669970 1776669970
-0.1134368083  0.6629384645   10.21091282 0.1304721526  3.149383197  8.533007445 1776669970 1776669970
-0.2028383078 -0.3043179361   10.13732329 0.3060024273  2.322539059  8.301937107 1776669970 1776669970
-0.2771373757 -0.7919831068   10.04372935 0.4675527461  1.369687119  8.234915607 1776669970 1776669970
-0.2799013276 -0.7680140478   10.04500155 0.5798744474 0.3928633521  8.334255899 1776669970 1776669970
 -0.232864931 -0.4567155029    10.0521636  0.6159483882 -0.5044462289   8.585689263 1776669970 1776669970
-0.007458106683    0.8041325191      10.0282697 0.5592751112 -1.232593363  8.954614695 1776669970 1776669970
 -0.1338542352 -0.04682324501    10.01986127 0.4094489455 -1.727249197  9.393331376 1776669970 1776669970
-0.2202637924 -0.5076630669   10.00150699 0.1831666077 -1.967388836  9.858934746 1776669970 1776669970
-0.2249638593 -0.4599691425   10.00292133 -0.09255812729   -1.956197816    10.28103438 1776669970 1776669970
-0.1977804116  -0.187257302   10.02188687 -0.3823490504  -1.731708544   10.60250054 1776669970 1776669970
-0.09244951034   0.6315108359    10.17416596 -0.6478076765  -1.356074606   10.77949991 1776669970 1776669970
-0.1651904676  0.2409126225   10.19631201 -0.8541001151 -0.9063930256   10.78943363 1776669970 1776669970
    -0.20981108 -0.003701196758       10.142589 -0.9760183074 -0.4590871475   10.63151962 1776669970 1776669970
  -0.2178473963 -0.007282657562      10.1555392   -1.001080156 -0.07822473146    10.33159926 1776669970 1776669970
-0.2021555602 0.05984489833   10.19812008 -0.930969048 0.1919499666  9.937889778 1776669970 1776669970
-0.1169010377  0.4644637782   10.27905403 -0.7810666663  0.3319634175   9.514069953 1776669970 1776669970
-0.1652232682  0.0201314128   10.20793979 -0.5771568203  0.3492227279   9.127013288 1776669970 1776669970
 -0.207403141 -0.2645046118   10.19083299 -0.3485022199   0.286645403     8.8413218 1776669970 1776669970
-0.2048228983 -0.2423671833   10.16783811 -0.1259740036  0.1869539405   8.705966417 1776669970 1776669970
-0.1810748197 -0.1650955103   10.11409707 0.06390751677  0.1009818212   8.743702782 1776669970 1776669970
-0.1471366359   0.374543433   9.773008358   0.201848594 0.07452069439   8.946405324 1776669970 1776669970
-0.1548012028   0.212432464   9.713799182 0.2781196315 0.1397068999  9.278139952 1776669970 1776669970
 -0.1607627927 -0.05936562307     9.85008012 0.2954225408 0.3002105632  9.692857171 1776669970 1776669970
  -0.173407937 -0.01385052752    9.829145539 0.2573697106 0.5416695054  10.11274493 1776669970 1776669970
-0.1898355117 0.07756190877   9.794316928 0.1756494008 0.8274218007  10.46709201 1776669970 1776669970
-0.3060044656  0.3160952583   9.843959257 0.06498582983   1.104445699   10.69952008 1776669970 1776669970
-0.2162126767  0.3394081157   9.935389188 -0.06045121342    1.317327586    10.77544899 1776669970 1776669970
-0.1582843004  0.3635847716    9.90798545 -0.1820429839   1.421616633    10.6890817 1776669970 1776669970
-0.1626495763  0.3715111954   9.934365318 -0.2878094131   1.382207943   10.47236186 1776669970 1776669970
-0.1782143098  0.2911817643   10.02461219 -0.3666028515   1.189047424   10.18198885 1776669970 1776669970
-0.2130216297 -0.4067659005   10.59836367 -0.4095462468  0.8555235325   9.891942173 1776669970 1776669970
-0.07861727798   0.2165151047    10.47608665 -0.4089096613  0.4216827526   9.679256933 1776669970 1776669970
-0.04617148301   0.7271566601    10.30326868  -0.3596630226 -0.04436589416    9.592293869 1776669970 1776669970
-0.04559196964    0.763068139    10.31245338 -0.2611726371 -0.4768324292   9.657831323 1776669970 1776669970
-0.03620862477    0.732779543    10.33174305 -0.1168206975 -0.8099183317   9.867585625 1776669970 1776669970
0.07184408521 -0.3735852003   10.29537712 0.06518894732 -0.9925116296     10.185429 1776669970 1776669970
0.2187372871 0.1101826281  10.22099969  0.2824349917 -0.9959462197   10.54669146 1776669970 1776669970
0.1683354562 0.5874776819  10.23085249  0.4999005953 -0.7992363543   10.80215787 1776669970 1776669970
0.1677703129 0.4653832756  10.21702027  0.7012201893 -0.4401362766   10.90670487 1776669970 1776669970
0.1734748256 0.2990398586  10.19516251  0.8669294518 0.02683406024   10.80121521 1776669970 1776669970
 0.1828067513 -0.7654145677    10.1535673 0.9852207531 0.5285758605   10.4699896 1776669970 1776669970
 0.1776533058 -0.2940543037   10.22767643  1.057081777 0.9939654712  9.956678839 1776669970 1776669970
0.1138474699 0.6907923728  10.17137493 1.020274577 1.348286363 9.282785479 1776669970 1776669970
0.08337225172  0.8347069489   10.16996739 0.9034934892  1.522686017  8.559257113 1776669970 1776669970
0.04504619902  0.8758790644   10.18294555 0.7246964547  1.486845738  7.923878011 1776669970 1776669970
-0.2369099461  0.3203262171   10.27098166 0.4970387161  1.249407295  7.497416652 1776669971 1776669971
-0.37661112 0.887579472 10.17187661 0.2429846148 0.8483855577  7.353802512 1776669971 1776669971
-0.1995982176   1.133831146   10.14005722 0.00634488942  0.3069350306   7.578789103 1776669971 1776669971
-0.1741370204  0.9415139134   10.14043341 -0.2045863281 -0.2604257743   8.140593944 1776669971 1776669971
-0.1693003034  0.7517058143   10.12189785 -0.3763544739 -0.7636745125   8.956724385 1776669971 1776669971
-0.2319798581 -0.1299410021   9.896526624 -0.5173543546  -1.122942587   9.905072997 1776669971 1776669971
-0.02146536097  -0.1003958884    9.856209875 -0.6226502114  -1.285802071   10.82321335 1776669971 1776669971
-0.1257365891  0.6480874249   9.937506252 -0.6832193559  -1.232050177   11.57826891 1776669971 1776669971
-0.1768552496  0.8049194003   9.914076539 -0.7161389855 -0.9637875138   12.06572941 1776669971 1776669971
-0.2109604467  0.8744009979   9.896967316 -0.7280309932  -0.523463875   12.20913302 1776669971 1776669971
-0.2578777483  0.6040649189    10.0099326 -0.7172782752  0.0183486915   11.99650569 1776669971 1776669971
-0.3970377493  0.8269280568   10.09501764 -0.6772128408  0.5804057829    11.4789944 1776669971 1776669971
-0.3341117538   0.618619658   10.02762177 -0.6090302867   1.079810644   10.73731506 1776669971 1776669971
-0.3076891203  0.3257807618    10.0705398 -0.5055131855   1.437665544   9.915906508 1776669971 1776669971
-0.2852857714  0.1309568721   10.11768383 -0.3653675725   1.615608747   9.152426919 1776669971 1776669971
-0.2322670688 -0.4909204499   10.28369717 -0.1905277454   1.604606355   8.561581948 1776669971 1776669971
-0.0935146687  -1.027131318   10.23556028 0.001404451113    1.423965004    8.224447258 1776669971 1776669971
-0.2106050673 -0.1394044066   10.22273525 0.1830197928  1.140470475  8.175540856 1776669971 1776669971
-0.2435749737  0.1731325628   10.21649588 0.3384448947  0.795260925  8.373467236 1776669971 1776669971
-0.2852992348   0.382962269   10.19851483 0.4444090853 0.4611424854  8.754077551 1776669971 1776669971
-0.2497706602  0.5348832062   10.08565462 0.4824300406 0.2015032544  9.218164781 1776669971 1776669971
-0.4092066573   1.161106712   9.983207758  0.4421238988 0.05729290613   9.657335221 1776669971 1776669971
-0.3007739226  0.8011716466   10.07282296  0.3352686784 0.05250737631   10.01514587 1776669971 1776669971
-0.2241779822  0.3706750078   10.08557324  0.176953723 0.1760990932  10.20378785 1776669971 1776669971
-0.1625108191  0.1345740988   10.07454533 -0.004287648553    0.3853360274     10.19984439 1776669971 1776669971
-0.05358236576  -0.4056511808    9.988660657 -0.178541153 0.6212237791  10.03645837 1776669971 1776669971
-0.03432311169   -1.050287507    9.916607279 -0.3104967651  0.8153341241   9.777075998 1776669971 1776669971
 -0.110008301 -0.3182393948   9.997494888 -0.3772156394   0.895748269   9.488556111 1776669971 1776669971
-0.2102198339 0.08707832907   9.986476135 -0.3680123481   0.826678224   9.288026392 1776669971 1776669971
-0.2518506098  0.3199745705   9.960680949 -0.2906732151  0.5894350083   9.245137789 1776669971 1776669971
-0.2563588171  0.4273929149   9.838465651 -0.1668339319  0.1983212239   9.393334395 1776669971 1776669971
-0.4027862525   1.046186207   9.747220534 -0.03103782155   -0.298134125    9.720926526 1776669971 1776669971
-0.1434118167  0.6905502656   9.839050764 0.08151961251 -0.8356564162   10.17922743 1776669971 1776669971
-0.1035958102  0.2580401631   9.852837158 0.1313398311  -1.32990918  10.66890102 1776669971 1776669971
-0.04874379856  -0.0938782332    9.852351657 0.09459041177  -1.700056343   11.08054774 1776669971 1776669971
-0.009042302029   -0.5974031457      9.89257597 -0.03680006651   -1.884863395    11.31206669 1776669971 1776669971
0.04607529925  -1.242177703   9.913788411 -0.2507392304  -1.852085159   11.29372713 1776669971 1776669971
0.006082787173  -0.6809822844    9.936599068 -0.5175648588  -1.596381141    10.9809086 1776669971 1776669971
-0.1495832686 -0.2734087164   9.992497148 -0.7892934342   -1.17081515   10.41748378 1776669971 1776669971
-0.2300396568 0.09388423124    10.0412608  -1.017741013 -0.6431331992   9.690565639 1776669971 1776669971
-0.4360786635  0.7311974133   10.25676891   -1.158557418 -0.09377546603     8.92349809 1776669971 1776669971
-0.6230042328   1.545796365   10.26857012 -1.181273349 0.3952869183  8.249205488 1776669971 1776669971
-0.2992427104  0.9105385361   10.23460958  -1.08321582 0.8130248058   7.84133473 1776669971 1776669971
-0.2655725511  0.6303933224   10.27839791 -0.8641857984   1.096579062   7.746170644 1776669971 1776669971
-0.2615554263  0.3682151591   10.31198027 -0.5596660204   1.248255585    7.99882281 1776669971 1776669971
-0.3156346003  0.1239320292   10.33599019 -0.2153943787   1.292964588   8.567328733 1776669971 1776669971
-0.2235000509  -0.624519929   10.25700881 0.1199650029  1.272185413  9.372542203 1776669971 1776669971
-0.3666261555 -0.4536075283   10.27001284 0.3913424632  1.225074828  10.23531655 1776669971 1776669971
-0.4345589321 -0.2547235379   10.24920337 0.5614219275  1.202226725  11.05559898 1776669971 1776669971
-0.4947337282 -0.0799943363    10.2128381 0.6154503838  1.224961679  11.70494443 1776669971 1776669971
-0.5446559309 0.01895787015   10.00950292 0.5582793206  1.293449584  12.08919428 1776669972 1776669972
-0.5921972745  0.3221654151   9.921843203 0.4056084721  1.386425768  12.16216345 1776669972 1776669972
-0.5028427498  0.3397703063   9.997911845 0.1877270966  1.465816049  11.93414132 1776669972 1776669972
-0.479356701 0.2225553071  9.973127576 -0.06394136996    1.510206374    11.45345154 1776669972 1776669972
-0.466626265 0.1188364727  9.937077078 -0.3171576168   1.502709212   10.80821153 1776669972 1776669972
-0.2792109385 0.06156680599   9.820293226 -0.5490656867   1.439503749   10.10339581 1776669972 1776669972
 -0.1799775216 -0.09420920357     9.82102783 -0.7446009769    1.33211532   9.443311234 1776669972 1776669972
-0.3131214868 -0.1721692929   9.864278885 -0.896166426  1.193148641  8.910649856 1776669972 1776669972
 -0.3203678057 -0.08244911698     9.88146224 -1.002274023  1.042686872  8.558201739 1776669972 1776669972
-0.3096582507 0.03099706145   9.903359017 -1.059071649 0.8952309779    8.4067066 1776669972 1776669972
-0.2611189689   0.486913006   10.13614868  -1.04418978 0.7550880044  8.444960638 1776669972 1776669972
-0.2646596802  0.7907880807    10.3219843 -0.9364236349  0.6084557592   8.641380608 1776669972 1776669972
-0.1765006608  0.2118488547   10.21789431 -0.7488986633  0.4117101305   8.973325982 1776669972 1776669972
-0.1528962845  0.1120728138   10.26463218 -0.4840163096  0.1407409179   9.335748826 1776669972 1776669972
-0.1733860783 0.05441659803   10.31491067 -0.1325225243 -0.2226663293   9.683131632 1776669972 1776669972
-0.2767994525  0.4210252086    10.4805102  0.3180234265 -0.6799671781   9.974237594 1776669972 1776669972
-0.2571753246  0.2561439341    10.4607603 0.8348821972 -1.228871358  10.20504703 1776669972 1776669972
-0.1086888102 -0.1203244595    10.3853736 1.303130484 -1.78841027  10.2825881 1776669972 1776669972
-0.04379914981  -0.1201320716     10.3444409  1.659429219 -2.296140716  10.24424907 1776669972 1776669972
0.03245100619 -0.1285408577   10.29568403  1.855482745 -2.674293232  10.11549674 1776669972 1776669972
0.08685556001  -0.155900169   9.891243802  1.847772805 -2.864169891  9.919991742 1776669972 1776669972
 0.2294605682 -0.3452053433   9.619764446   1.56052546 -2.811939439  9.682647848 1776669972 1776669972
 0.3177545403 -0.3361472001   9.839729113 0.9948753346 -2.418248306  9.456472545 1776669972 1776669972
 0.2859763756 -0.2954280851   9.808324998 0.2598614822 -1.683706263  9.265498588 1776669972 1776669972
 0.2341055713 -0.2586495844   9.769823255 -0.5531982716 -0.6900601033   9.121289173 1776669972 1776669972
  0.114267777 0.06275264911   9.663731209 -1.340775079  0.457552942  9.035735546 1776669972 1776669972
-0.004467087571    0.5058516452     9.705173207 -1.991590123  1.632248015  9.010997957 1776669972 1776669972
-0.1106402023 0.02142739198   9.736151809 -2.350422204  2.693318158  9.014394674 1776669972 1776669972
 -0.1657857016 -0.08394928738    9.757569962 -2.373454882  3.487668352  9.102873067 1776669972 1776669972
-0.2096192158 -0.1806996245   9.779493705 -2.055221847  3.917289642  9.267331093 1776669972 1776669972
-0.01222925891   0.2559298356    9.999896715 -1.439973452  3.931378779  9.501910718 1776669972 1776669972
0.0886159709 0.1156531033  10.20973709 -0.6182656603   3.535849553   9.781199798 1776669972 1776669972
-0.1206369317 -0.2698842419   10.06014304 0.3124183125  2.786661612  10.10107722 1776669972 1776669972
-0.06342846169   -0.175793226    10.09215386 1.206880852 1.796445086  10.4123294 1776669972 1776669972
-0.001644755784  -0.05005845235     10.13354051 1.927746069 0.705635204 10.68001228 1776669972 1776669972
 0.2228684612 -0.1741733395   10.30008185    2.36661248 -0.3358237682   10.87640284 1776669972 1776669972
  0.292641075 -0.3447403972   10.39657571 2.458009067 -1.19079645 10.98447251 1776669972 1776669972
  0.2285422891 -0.04884382335    10.31032236  2.198705583 -1.744722078  10.99010842 1776669972 1776669972
  0.2060099382 -0.04029737155    10.30667916  1.646499272 -1.942362216  10.88888088 1776669972 1776669972
   0.177429574 -0.05358044872    10.30540881  0.896976036 -1.789841094   10.6894918 1776669972 1776669972
-0.02766902149  -0.4043734471    10.21892354 0.06565481232  -1.342782462   10.41113164 1776669972 1776669972
-0.2535091968 -0.4804105016   10.04931758 -0.7190002367 -0.7021034253   10.08747237 1776669972 1776669972
-0.003733184925    0.0317223482     10.11249559    -1.328512338 -0.003401873949     9.745889659 1776669972 1776669972
0.006982610819   0.1367447306    10.06804038 -1.681382329 0.6076020199  9.415329913 1776669972 1776669972
-0.01416649211   0.2118432375    10.01996072 -1.746776827  1.010638016  9.140504456 1776669972 1776669972
-0.1478966063  0.2248706987   9.827310512 -1.538306219  1.122908414  8.955995504 1776669972 1776669972
-0.2352568504  0.4727237229   9.541776603 -1.110048345 0.9224668638  8.883008456 1776669972 1776669972
-0.04442148443   0.6168803883    9.680982925 -0.5578612614  0.4237805227   8.932836077 1776669972 1776669972
-0.01353261044   0.5644083573    9.683873862 0.008578637817  -0.2798529498    9.099541095 1776669972 1776669972
-0.01325277946   0.5225124633    9.666854615 0.4874440653 -1.052290923  9.355334017 1776669972 1776669972
-0.007165729576    0.5030596626     9.656229573  0.796715075 -1.745062747  9.660962687 1776669973 1776669973
0.08861333939  0.4612278054   9.752171625 0.8847084979 -2.215701268  9.970634392 1776669973 1776669973
0.1101803796 0.4712860568  9.757821179 0.7428456461 -2.355282845  10.23456323 1776669973 1776669973
0.1056891923 0.4663780386  9.787223938 0.4081970669 -2.111609128  10.40957279 1776669973 1776669973
0.1020837056 0.4521224394  9.836718634 -0.05463164887   -1.491810434    10.46598545 1776669973 1776669973
0.07170584001  0.3558267428   10.07244599 -0.5573424479 -0.5689547929   10.39183018 1776669973 1776669973
0.04437051441  0.2638849922   10.32535743  -1.00946362 0.5355884071  10.19793418 1776669973 1776669973
0.0238255026 0.3061681973  10.21434436 -1.330205485  1.667954449  9.913310484 1776669973 1776669973
0.03010986041  0.2726374433   10.21658147 -1.456359858  2.662595281  9.591330435 1776669973 1776669973
0.03742614476  0.2486881555   10.24394015 -1.356396586  3.373485483  9.293855336 1776669973 1776669973
0.06407660975  0.1920522878   10.26903197 -1.03389147 3.696110854 9.084304417 1776669973 1776669973
0.06161000739 0.08013750922   10.17556718 -0.5267351835   3.583680077   9.017085562 1776669973 1776669973
-0.1064345012 -0.1417256271   10.15676482 0.1022861949  3.053654035  9.124807133 1776669973 1776669973
-0.1453325888 -0.3144737261   10.13075503 0.7721953102  2.189115831  9.405560099 1776669973 1776669973
-0.1300996497 -0.4325977578   10.08376577 1.389705965 1.115627759 9.829176681 1776669973 1776669973
-0.1024704833  -0.614837908   9.920882385    1.869034307 -0.01503955389    10.33405599 1776669973 1776669973
-0.06409370937  -0.8616518048    9.735397324  2.144085181 -1.051476665  10.83730721 1776669973 1776669973
-0.02507004333  -0.7463284933    9.829832804  2.169341888 -1.864596631  11.26447707 1776669973 1776669973
-0.0004662728639    -0.5896604095      9.847925849  1.930339154 -2.350591426   11.5244498 1776669973 1776669973
-0.007890689761   -0.4631592078     9.845258317   1.45742555 -2.465722438  11.54189951 1776669973 1776669973
-0.05230866835  -0.3367127268    9.838681393 0.8173268806 -2.226570582  11.28475415 1776669973 1776669973
0.01104149701 0.02151372618   9.846259933 0.1158359889 -1.700477243  10.78728936 1776669973 1776669973
0.2186887462  0.211495723  9.837322499 -0.6075513513 -0.9336266794   10.06317872 1776669973 1776669973
0.3075830063 0.2440654866   9.82976861   -1.302789813 -0.03491396829    9.202695673 1776669973 1776669973
0.3481432582  0.264011679  9.821733174 -1.843824629 0.8510015782  8.357098019 1776669973 1776669973
 0.346859251 0.3355010141  9.782446843 -2.151648261  1.615658616  7.673240517 1776669973 1776669973
0.3592340667 0.4297438173  9.726615151 -2.188331796  2.183425848  7.279111873 1776669973 1776669973
 0.436738098 0.6050654272  9.739480232 -1.955225941  2.499715102  7.265377693 1776669973 1776669973
0.4204396886 0.6815359425  9.740103443 -1.459409431  2.515750202  7.667352729 1776669973 1776669973
0.3491955928 0.7446163438  9.740397718 -0.7467725502   2.270464729   8.447675801 1776669973 1776669973
0.2270091396 0.6596357931   9.78445357 0.09913944479   1.808224969   9.496413971 1776669973 1776669973
0.03197705047  0.5211500357   9.902667872 0.9417493381  1.227472557  10.64478263 1776669973 1776669973
0.02920212718  0.7281374364   9.872379055  1.669572979 0.5915914375  11.70198773 1776669973 1776669973
0.02570049829  0.6791243588   9.880130277    2.186659171 -0.04572101147    12.47636977 1776669973 1776669973
-0.03348002029   0.5758330807    9.912642794   2.400685648 -0.6235710105   12.80510146 1776669973 1776669973
-0.1600868815  0.2209977813   10.01255957  2.269382994 -1.106050911  12.59547019 1776669973 1776669973
-0.3247227449 -0.3410324538   10.11905959  1.795954484 -1.471529896  11.84235291 1776669973 1776669973
-0.185872096 0.1825854188  10.06970418 1.047002299 -1.71538739 10.62688398 1776669973 1776669973
-0.1755768425  0.4444993568   10.05063164 0.1303409845 -1.862895153  9.135784592 1776669973 1776669973
-0.1741540784  0.4798457588   10.05423723 -0.8319362814  -1.914678585   7.600088684 1776669973 1776669973
 -0.20989216 0.2499763725  10.06308064 -1.702309158 -1.870314427  6.277153494 1776669973 1776669973
 -0.292794657 0.02289013123   10.05449186 -2.363113662 -1.711518951  5.408263232 1776669973 1776669973
-0.2547792232  0.7221889396   9.999913895 -2.714835614 -1.426259189  5.178775782 1776669973 1776669973
-0.2038914511  0.9706375434   9.969100068  -2.710315805 -0.9962505365   5.658840758 1776669973 1776669973
-0.2200653852  0.9839510505   9.948265474  -2.348301881 -0.3961940068   6.809122149 1776669973 1776669973
-0.2443068219  0.8352425125    9.91622238 -1.682252315 0.3698215476  8.477916857 1776669973 1776669973
-0.2565206441  0.6347594749   9.856348238 -0.8040744298   1.272572763   10.42816418 1776669973 1776669973
-0.1494615498  0.8868890728   9.853290958 0.1388579728  2.242334892  12.36352155 1776669973 1776669973
-0.07466679856   0.7475658276    9.874954108 0.9892344183  3.168195155  13.99921054 1776669973 1776669973
-0.04276127464   0.5357523217    9.889214543 1.635412738 3.934124714 15.10910358 1776669973 1776669973
-0.007926030144    0.3339840673      9.91916906 1.983799218 4.422794988 15.52933204 1776669974 1776669974
0.03125134358 0.07575789909   10.01831792 1.970893497 4.535315171 15.19885505 1776669974 1776669974
-0.09509558542   0.1039955078    10.03067251 1.613945604 4.203609853 14.14624863 1776669974 1776669974
-0.2026610449  0.2759973492   10.02523105 1.012109473 3.441617561 12.51006132 1776669974 1776669974
 -0.28502863 0.3990093683  10.05310656 0.246941672 2.321652498 10.52910899 1776669974 1776669974
-0.3309521379  0.4217946221   10.10803263 -0.5431605633  0.9762165947   8.480201686 1776669974 1776669974
-0.3947785107  0.3556842364   10.16866349 -1.278554655 -0.445441291  6.626003361 1776669974 1776669974
-0.3997410146  0.6500915613   10.11673184 -1.844493249 -1.761391268  5.209243687 1776669974 1776669974
-0.4232964763  0.7646869957   10.08428178 -2.187339652 -2.811569457  4.428282333 1776669974 1776669974
-0.4719813593  0.6842102664     10.055379 -2.255653273 -3.473471894  4.338188561 1776669974 1776669974
-0.5033745973  0.5305522949   9.973252187 -2.050564693 -3.691513162  4.913757971 1776669974 1776669974
-0.4762852048  0.2304354142   9.783312518 -1.604461169 -3.482485074   6.05206716 1776669974 1776669974
-0.5025695538  0.5359923896   9.738437134 -0.9851633008  -2.935360408   7.577747776 1776669974 1776669974
-0.4999226016  0.7565893846   9.738207802 -0.2886620737  -2.204662524   9.287797698 1776669974 1776669974
-0.3604746545  0.7150276889   9.685940711 0.3916781457 -1.467349791  10.94674969 1776669974 1776669974
-0.2225624867  0.5314742623   9.677571212  0.9562573157 -0.9009271422   12.33499248 1776669974 1776669974
-0.01832510422   0.2591040651    9.730467236    1.32235233 -0.6382271981   13.26564439 1776669974 1776669974
0.1057397313 0.1367508597  9.845728194  1.433109935 -0.745750976  13.60964372 1776669974 1776669974
 0.1148104304 0.06483443365   9.855424661  1.269136251 -1.210115367  13.31095247 1776669974 1776669974
  0.1896763823 -0.02713316999     9.95520545 0.8554404782 -1.941592242  12.39474215 1776669974 1776669974
  0.2003579712 -0.04076560963    10.12560262 0.2490357764 -2.791504232   10.9707935 1776669974 1776669974
0.1207569795 0.1851832891  10.56562215 -0.4585891583  -3.590869969   9.221839042 1776669974 1776669974
 0.3954570677 -0.2278998939    10.5936229 -1.150389616 -4.179059898  7.391766439 1776669974 1776669974
 0.5234948944 -0.5551825954   10.49128435 -1.730495219 -4.406588121  5.763590678 1776669974 1776669974
 0.5116059596 -0.6313022805   10.55761017 -2.100288921  -4.22907513  4.586504272 1776669974 1776669974
 0.4681190764 -0.6470541124   10.63339162 -2.190032229 -3.658402213   4.06247408 1776669974 1776669974
 0.5017345665 -0.9266870904   10.63575736 -1.962681729 -2.766827935  4.313979296 1776669974 1776669974
