 0.248377390129 -0.434566670132 -0.133436100686 0.518019991587 -5.63454748607 -0.75572855838 -7.83481529354 -0.989215174404  0.363113364612  0.545663260502 1776669964
 0.226330410879 -0.426488752401 -0.121290409831 0.497824742585  -5.67037009761 -0.770818839415  -7.83092517011  -1.8601035144 0.750970820983  1.02944706561 1776669964.02
 0.193259519516 -0.412314192125 -0.102931921899 0.46684817174   -5.7263753213 -0.794673873993  -7.82426832663 -2.25306289291  1.10336875715  1.25760724876 1776669964.03
  0.153952385555  -0.391043824477 -0.0808906812732 0.427971858884  -5.79764356254 -0.826933957515  -7.81448815817 -1.47537208148 0.935500821738 0.831938061212 1776669964.05
  0.113710225794  -0.361873743523 -0.0580753829821 0.383738676458  -5.87800233766 -0.866595264583  -7.80208386329 -1.45438946148  1.26353080481 0.828850065058 1776669964.09
 0.0774363781012  -0.324568966786 -0.0372845500161 0.335755185402  -5.96080430867 -0.911655744129  -7.78814338219 -1.91465815292  2.42471663094  1.10171548793 1776669964.1
 0.0488740272787  -0.279765400273 -0.0207679169087 0.28476069972  -6.03974416496 -0.959037430883  -7.77393120727 -1.53554210444  3.09825536148 0.888254898466 1776669964.12
  0.0301294400129   -0.229118002502 -0.00991921801589 0.231303335714 -6.10958666848 -1.00486776621 -7.76048052526 -0.943482646574   3.60870944244  0.539251482333 1776669964.13
  0.0215456059882   -0.175237423722 -0.00514824256261 0.176632024875  -6.1666987864 -1.04508221178 -7.74830670702 -0.151780097579   1.98964300151 0.0735204333941 1776669964.15
  0.0219123774115   -0.121402818769 -0.00593897282354 0.123507360457 -6.20931583565 -1.07620404696  -7.7373016772  0.137430336434   1.93797027207 -0.110057490193 1776669964.19
 0.0289308535169 -0.0710945500759 -0.0110625248713 0.0775487510682 -6.23751869078 -1.09609580894 -7.72681196539  0.585773814348   3.07607550787 -0.423873307609 1776669964.2
 0.0398055346777 -0.0274404369125 -0.0188866867162 0.0519053475477 -6.25294883728 -1.10447564852 -7.71586458022  0.749888683757   2.56785218174 -0.545342725339 1776669964.22
 0.0518252945278 0.00730313957177  -0.027712085168 0.0592212518008 -6.25833137764 -1.10304889505 -7.70348804131  0.714558590051   1.84968961162 -0.533607992993 1776669964.23
0.0628137098749 0.0321179859196 -0.036068407516 0.0792341920418 -6.25690389561  -1.0952031792 -7.68907380785   0.36129376181  0.740278947353 -0.281075924542 1776669964.25
 0.0713733676122  0.0473564936435 -0.0429199113084 0.0958066484187 -6.25185526552 -1.08532713467 -7.67272469767  0.264515524912  0.422295487931 -0.219351372231 1776669964.29
 0.0769044787477  0.0546137094446 -0.0477532773893 0.105722900131 -6.24586295253  -1.0779074183  -7.6555333289  0.266542535246  0.298322131048 -0.252309943326 1776669964.3
 0.0794310240807  0.0563748563102 -0.0505473124848 0.109738064544 -6.24078628921 -1.07661120529 -7.63972444318  0.079204281056 0.0300486201333 -0.128420315043 1776669964.32
 0.0793062301922  0.0555248889396 -0.0516474315062 0.109726699669  -6.2375363649 -1.08355883217 -7.62858860341 -0.0797486739563 -0.0483163720619 -0.0324874875497 1776669964.33
 0.0768875413926  0.0548338669772 -0.0515834596464 0.107607157281 -6.23610970749 -1.09893778613 -7.62614584215 -0.130218997071 0.0185982605987  0.014302813827 1776669964.35
 0.0722690151524   0.056529964713 -0.0508744876283 0.104912634859 -6.23574857945 -1.12102313967 -7.63651956213 -0.219155477874  0.134492059972 0.0321557069787 1776669964.39
 0.0651392765393  0.0620435810876 -0.0498596890805 0.102851931909 -6.23517716604 -1.14657632667 -7.66307510263 -0.564853364663  0.498975158394 0.0741184554656 1776669964.4
 0.0548005007965  0.0719611460832 -0.0485823187499 0.102672991231 -6.23285939123 -1.17151734122 -7.70746797997 -0.820041166847  0.798234284528  0.103174531616 1776669964.42
 0.0403443115631  0.0861791878448 -0.0467400787471 0.106014861479 -6.22722910007 -1.19171947998 -7.76882343988 -1.07593816136  1.02477052888 0.155062003338 1776669964.43
 0.0209414314983   0.104210003497 -0.0437026190561 0.114926878033 -6.21685557593 -1.20376381843 -7.84329854933 -0.802117109756  0.715220144145  0.148030624418 1776669964.45
-0.00382859870892    0.125566647441   -0.038587973013 0.131417931725 -6.20052500934 -1.20550730681 -7.92423898221 -0.986817969357  0.829674764465  0.240551861588 1776669964.49
-0.0336968884331   0.150147589382 -0.0303836990711 0.156853269193 -6.17723829707 -1.19635554099 -8.00303383981 -2.04978765216  1.70398564429 0.659150371412 1776669964.51
-0.0675604497932   0.178546847228 -0.0180937168061 0.191757069281 -6.14614261391 -1.17718326999  -8.0706137738 -2.2270148726 1.97957326069 0.94054017271 1776669964.52
   -0.103538531364     0.212229190421 -0.000887321784721 0.236140305928 -6.10642382208 -1.14991011843 -8.11936659826 -2.38701405477  2.49640921296  1.32740888474 1776669964.54
-0.139256738527  0.253528925935 0.0217763000785 0.290075098476 -6.05718672942 -1.11681196462 -8.14510317771 -1.33293852596   1.8062808531 0.987403691895 1776669964.55
 -0.17233306832  0.305453485826 0.0500737529003 0.35427094034 -5.99734244523 -1.07971882711 -8.14863382944 -1.10701567853  2.11220525913  1.11259076935 1776669964.59
-0.200980662356  0.371299251192 0.0838110745016 0.430442396595  -5.9255122252 -1.03929864811 -8.13653826138 -1.66880035005  4.74756688646  2.31255033905 1776669964.61
-0.224588913479  0.454116038596  0.122487611417 0.521214707696  -5.83995162465 -0.994631651303  -8.12083647026 -1.51613730859  6.49513314971  2.86822244461 1776669964.62
-0.244114787293  0.556085868588  0.165412038063 0.629432017739  -5.73850116578 -0.943228811975  -8.11747612371 -1.24231877891  7.40646552605   2.9569378362 1776669964.63
-0.262126198761  0.677906110921  0.211832971885 0.75706013452  -5.61857915402 -0.881543864525  -8.14380339989 -0.713694290536    4.8880309278   1.78268110918 1776669964.65
-0.282397439806  0.818280469225  0.261035279485 0.904140839393  -5.47724374356 -0.805893509574   -8.2154245176 -0.843031838007   5.31184365946   1.80569217931 1776669964.69
-0.309058001537  0.973617835869  0.312356327484 1.06818304328  -5.31135769271 -0.713571387559  -8.34303820525 -1.98624875611  10.0767890242  3.27961175517 1776669964.71
-0.345420986909   1.13801634609  0.365097152548 1.24406301809  -5.1178835076 -0.60385836266  -8.5298810232 -2.99343562454  11.8036678159   3.7914126446 1776669964.72
-0.392734663934   1.30357032217  0.418339149787 1.42426954799   -4.8943147097 -0.478627240818  -8.77035602079 -3.34764161825   10.420721108  3.40787075136 1776669964.73
-0.449175190744   1.46098808119  0.470718051348 1.59931860779  -4.63921220397 -0.342327492527  -9.05021599651 -2.01249257554    5.121379007  1.75779936458 1776669964.75
-0.509399432935   1.60045812492  0.520239280656 1.75829545328  -4.35277156627 -0.201300553716  -9.34837703612 -2.01453094502   4.3815285597  1.62797430378 1776669964.79
-0.564888012629   1.71265908931  0.564227411982 1.8896169441   -4.03731113055 -0.0625751755231   -9.64009934405 -3.17664718855  6.28183569353   2.6291931135 1776669964.81
-0.605138033298   1.78978168568  0.599478570961 1.98214153853  -3.69755611422 0.0675390101049  -9.90096068427 -1.98124928343  4.12353315223  2.11691490111 1776669964.82
-0.619548390627   1.82642260341  0.622630647584 2.02665454824 -3.34061005169  0.18466632135 -10.1108409764 0.194013601534  1.07363259167  1.10105846808 1776669964.84
-0.599637077827   1.82022287657  0.630697380136 2.01756167955 -2.97555320278 0.287047778347 -10.2571021322    1.27404495161  -0.881347069509 -0.0158906049847 1776669964.85
-0.541103406965    1.7721566559  0.621652237641 1.9544266716 -2.61268144869 0.375518301916  -10.336313738    2.5166861038    -2.180928929 -0.583201769351 1776669964.9
-0.445243515811   1.68642733276  0.594919140486 1.84288027847 -2.26248270102 0.452825310469 -10.3542097427  8.45645861193 -7.70968239042 -2.66986345385 1776669964.91
-0.319352180328   1.56998792245  0.551641193655 1.69444855285 -1.93451784838 0.522528573676 -10.3239718818  11.1229670318 -10.5194661902 -4.14169901311 1776669964.92
-0.175964704505   1.43175883081  0.494651668341 1.52498432773 -1.63640569583 0.587821771735 -10.2633038614  10.8268357333 -10.8279272778 -4.63772012874 1776669964.94
-0.0310498471191    1.28165652306   0.428145689815 1.35163466506 -1.37309241026 0.650601678907 -10.1909875981  4.42732601217 -4.87451023464 -2.21839348274 1776669964.95
0.0985064464452   1.12956458743  0.357122827954 1.18876254627   -1.146520572 0.711003212593 -10.1236534684  3.62180068368 -4.70814472735 -2.23980919057 1776669965
0.197638113425 0.984374560384 0.286719520752 1.04415620603 -0.95572298477 0.767466967919 -10.0733657688  5.92117504111 -10.4213410342 -5.11176373623 1776669965.01
0.255529031711 0.853202902501 0.221564876777 0.91779151963 -0.797280092149  0.817262363223  -10.0463816664  3.07159578772 -10.7401224679  -5.3562999358 1776669965.02
0.267281536462 0.740859806429 0.165274158758 0.804753515102 -0.66601983983 0.857291136501 -10.0431614325 -0.809403540717  -7.84892493444  -3.90974872285 1776669965.04
0.234534116175 0.649611606247 0.120150884777 0.701026194756 -0.555815967258   0.88495785376  -10.0594539265 -1.65861034784 -2.61963254825 -1.26688233063 1776669965.05
 0.164956175158  0.579245689327 0.0871158424421 0.608543571432 -0.460353555658   0.89891156127  -10.0880962177  -2.61212452395  -1.94904233778 -0.866364456559 1776669965.1
0.0707669001921   0.52741634543 0.0658341423033 0.536199673519 -0.373768140627  0.899517358209  -10.1210716889 -7.42961832129 -3.33447592061 -1.20367196574 1776669965.11
-0.0334006105248   0.490221476111  0.0549800729025 0.494424417722 -0.291110873666  0.888985431335  -10.1513739437  -8.80140278747  -2.78698447845 -0.573377920939 1776669965.12
-0.132871971026  0.462933627504 0.0525678442573 0.484485172537 -0.208632398875  0.871149799703  -10.1743169697  -7.05491694174  -1.91926141174 0.0505587163143 1776669965.14
-0.215114630769   0.44078691722 0.0562823175179 0.493695361562 -0.123904063713  0.850942092097  -10.1880912161   -2.2438276602 -0.700254404275  0.181346842612 1776669965.15
-0.271376826392  0.419708991003 0.0637618493284 0.503851756434 -0.0358062597305   0.833648252042   -10.1935523224  -1.29365659025 -0.688824523838  0.259324927028 1776669965.2
-0.297556591255  0.396889607374 0.0728085390424 0.50136051779 0.0555857845673  0.824070206936  -10.1934012562 -0.813213212309  -1.72960606205   0.63196074892 1776669965.21
-0.294232200414  0.371098377132 0.0815231191466 0.480554484139 0.149193678127 0.825736585666 -10.1910352444    1.354772871 -2.32194104154  0.66715734278 1776669965.23
 -0.26594073237  0.342703284426 0.0883777557393 0.44269700925 0.243186684738 0.840307263464 -10.1893962055   2.9917557714 -2.32306544058  0.43174486457 1776669965.24
  -0.2199173518  0.313393714811 0.0922476089451 0.393813259632 0.335277290289 0.867287573325 -10.1901131832   1.67000261983  -0.93974469413 0.0666176158926 1776669965.25
-0.164582822471  0.285667111605 0.0924209962882 0.34239574276 0.423044328563 0.904109922942 -10.1931400161     1.7553165662  -0.803730476166 -0.0572436962304 1776669965.3
-0.108079063997  0.262184809227 0.0886003825148 0.297106018191 0.504256530043 0.946565889842 -10.1969539003   3.71662728159  -1.40183237455 -0.398546257638 1776669965.31
-0.0571044050177   0.245128549695  0.0808957294784 0.264372914641 0.577157726191  0.98950162478 -10.1992352688   3.97188395814  -1.14555713336 -0.812700425206 1776669965.33
-0.0162077322857   0.235687595184  0.0698022828892 0.246340601213 0.640670796338  1.02764361933 -10.1978254368   2.98452198917 -0.487362170889  -1.06239731292 1776669965.34
0.0124105625879  0.233776994691 0.0561505558593 0.240745903877 0.694487621093   1.0564101566 -10.1916823864  0.732705891749 0.0383809173639 -0.470177704672 1776669965.35
0.0286467246862  0.238037180776 0.0410191574076 0.243238371852 0.739036333903   1.0725819194 -10.1815452089  0.329334913247  0.188727706271 -0.467530316211 1776669965.4
0.0339235092416  0.246105141248  0.025610353934 0.249748744255 0.775347323521  1.07474075693 -10.1700798636 0.0662225520267   0.61780494783  -1.08386586941 1776669965.42
0.0304747230504  0.255090984948 0.0111002706281 0.257144580644 0.804864934045  1.06342679815 -10.1614035035 -0.592486375357  0.716858467579  -1.21168364103 1776669965.43
  0.0206602066194    0.262152617086 -0.00151419691093 0.262969830161  0.82926326512  1.04100534027 -10.1600468914   -1.0096409191  0.418384816651 -0.951922921795 1776669965.44
0.00645644692492    0.26504391164 -0.0115449561583 0.265373786981 0.850316639042  1.01127489277 -10.1695779564  -0.525858045886 0.00616936937175  -0.287263313926 1776669965.45
-0.0107886898435   0.262521575706 -0.0186939553798 0.263407360389 0.869848530695 0.978884184453 -10.1912327016 -0.574485311293 -0.164236354955 -0.180017821992 1776669965.5
-0.0303204122344   0.254529983474 -0.0230691674051 0.257365550084 0.889744169401 0.948653333223 -10.2229449076  -1.43275083511 -0.713752107279   -0.2253192326 1776669965.51
-0.0517158002904   0.242132956407 -0.0251302909188 0.248866277547 0.911975180442  0.92490635068 -10.2591106537  -1.89599048023   -1.1720505796 -0.107422768413 1776669965.53
-0.0745072593114   0.227214857018 -0.0255726997224 0.240482610413 0.938565807743 0.910915527103 -10.2912692448   -1.94596365175   -1.27088663558 -0.0017143146518 1776669965.54
-0.0978258575322   0.212019004658 -0.0251709119996 0.234852148274 0.971441486685 0.908534896846  -10.309658576  -0.78151706362 -0.489173924399 0.0164322450761 1776669965.55
-0.120188968471  0.198621366251 -0.024612192172 0.233455767282  1.01214282841 0.918065585139 -10.3053635104 -0.653963043123 -0.369751291341 0.0128066362036 1776669965.6
 -0.139514616989   0.188448142657 -0.0243545160553 0.235733267225  1.06144897793 0.938357320781 -10.2725838432   -1.10232134513  -0.554044734735 0.00241047146181 1776669965.61
 -0.153383939512   0.181937030956 -0.0245396039646 0.239227733125   1.1190116261 0.967114144126 -10.2104600494  -0.846024419829  -0.424535835461 -0.0265144014736 1776669965.63
-0.159508311424  0.178415288319 -0.024981118348 0.240622053837  1.18313096837  1.00134343122 -10.1239437452  -0.120932160177  -0.236638024688 -0.0287000461879 1776669965.64
 -0.156302304845   0.176226422573 -0.0252322007041 0.236902567451  1.25079139263  1.03786934336 -10.0233863829   0.344872405518   -0.11427465401 0.00563178594353 1776669965.65
 -0.143427272571   0.173086780959 -0.0247185140714 0.226144690846  1.31801545791  1.07382649917 -9.92280969442    0.5386474559 -0.151836903161 0.0366844183518 1776669965.68
 -0.122159360051   0.166602021779 -0.0229069060112 0.207855404673  1.38050374627  1.10705696241 -9.83715011084   1.14308116122 -0.434953283724  0.125066766757 1776669965.71
-0.0954543198321    0.15483261491 -0.0194696985941 0.182930956861  1.43443251422  1.13635168141 -9.77905468527  2.37025971102 -1.29638303333 0.369632012392 1776669965.73
-0.0676309496693    0.13677840974 -0.0144034302241 0.153263621015  1.47721325185  1.16150309699 -9.75596770994  2.13679800133 -1.74011744322 0.470410920864 1776669965.74
 -0.0436710363969    0.112662510522 -0.00806973377244 0.121099633774  1.50800544824  1.18316487797 -9.76822995918  1.07634285413 -1.44334639191 0.362174090612 1776669965.75
-0.0282241052862  0.0839349069117 -0.0011435865102 0.088560581003  1.52782712094  1.20254389347 -9.80870581574  0.303571911708 -0.944603960957  0.215138860229 1776669965.77
-0.0244903589063  0.0529793078517 0.00552345102037 0.0586267281279  1.5392153549 1.22097552441 -9.8641005361 -0.0938846812573    -1.1548093995   0.230361935281 1776669965.81
-0.0332123020046  0.0225786091659  0.0110957973193 0.0416649410712  1.54551830984  1.23945373371 -9.91771912373 -1.10168831805 -2.31025552771  0.37761230551 1776669965.83
 -0.0520158614932 -0.00474204896246   0.0149580327635 0.0543312029997  1.55000750003  1.25819917349 -9.95305952439 -1.74996562095  -2.0756451852 0.240618532632 1776669965.84
-0.0752964671696 -0.0273376827614   0.016882328179 0.0818652543618  1.55504757026  1.27634849465 -9.95742450467   -1.4348175922  -1.34747901299 0.0725366063379 1776669965.85
-0.0947490488825 -0.0448740305316  0.0171183912705 0.106226645433  1.56153502885  1.29183265279 -9.92473531745   -0.395237111269    -0.48767427761 -0.00783537009501 1776669965.87
  -0.10051093684 -0.0584492558683  0.0163824644365 0.117418691344 1.56873004956 1.30148056218 -9.8569333557  0.201322925552 -0.427675641382 -0.023056278966 1776669965.91
-0.0827507553928 -0.0703623242749  0.0157443003613 0.109756217087  1.57449020001  1.30134060537 -9.76370216063    2.83847483912   -1.06291681893 0.00215300264389 1776669965.93
-0.0334258680593 -0.0835704395841  0.0164333489215 0.091495147328 1.57581102121 1.28716476915 -9.6606317446   6.0094464087 -1.36311686029 0.171917550055 1776669965.94
0.0521267513455 -0.100956457412 0.0196028605245 0.115298207444  1.56951496467  1.25496037861 -9.56627555954  7.74492926436 -1.53044985066 0.360767886301 1776669965.95
 0.174089585198 -0.124576881813 0.0260996620524 0.215656614821  1.55291808548   1.2014946737 -9.49874192852   4.47781566246 -0.878981279084   0.27099422796 1776669965.96
  0.32779458407 -0.155069195067 0.0362860822411 0.364434389662  1.52433604389  1.12464606655 -9.47249035504  5.37794492905  -1.0880624862 0.388555464562 1776669966.01
 0.504187358322 -0.191362058763 0.0499491613089 0.541589557267  1.48334926092  1.02353303133 -9.49589170257  14.8661664409 -3.09761064951   1.2288210437 1776669966.03
 0.691064182759 -0.230762399634   0.06631354959 0.731586274226  1.43081104622  0.89840773039 -9.56991235737  17.1101823337 -3.60248240822  1.57882183259 1776669966.04
  0.87486478846   -0.2694067514 0.0841529826438 0.919266076974  1.36863633954 0.750360358224  -9.6880532744  13.5515855319 -2.78329009158  1.37442199579 1776669966.05
  1.04269167686 -0.302981352757  0.101976133948 1.0905974349 1.29944400652 0.58092496613 -9.8374594977   4.84034492712 -0.909943822127  0.533568157398 1776669966.06
  1.18418241824 -0.327555844188  0.118250147258 1.23432731804  1.22614033103 0.391696985857 -10.0009417354   3.90002494125 -0.582519857857  0.462091485026 1776669966.11
   1.2928935247 -0.340352279106  0.131621109344 1.34340517214  1.15152692006 0.184063777954 -10.1595344796   6.80308242377 -0.473938437478  0.850311168898 1776669966.13
  1.36695375285 -0.340288654897  0.141094572402 1.41572123295   1.07799600273 -0.040883667437  -10.2951640314    4.771763588 0.500393644594  0.59764062058 1776669966.14
  1.40888766822 -0.328188488684  0.146148822345 1.4539709846    1.0073453531 -0.282238685113  -10.3930171883  1.97287030803   1.1508869285 0.193885412921 1776669966.15
 1.42466661014  -0.3066214783 0.146766349771 1.46466106742   0.94071162184 -0.539000849248  -10.4432801808   0.220910227184   0.810272063079 -0.0459558961908 1776669966.17
  1.42218445716 -0.279417470949  0.143382694855 1.45644819697  0.878594145351 -0.809711949813  -10.4420399648 -0.259665418749   0.95029460954 -0.170754118175 1776669966.21
   1.4094572256 -0.250959864929  0.136764767513 1.4381429436 0.820929294428 -1.09211322318 -10.3912818338  -1.07402082462   1.98066805256 -0.569879865111 1776669966.23
  1.39289480053 -0.225402608446  0.127841482628 1.41679416498 0.767180936624 -1.38293243641 -10.2980546328 -1.39701357238  1.87802413197 -0.80331096935 1776669966.24
  1.37598395566 -0.205961298012  0.117516962442 1.39626721618 0.716431197447 -1.67788367933 -10.1729894726  -1.21140006125   1.09664617071 -0.755036387663 1776669966.25
  1.35865371208 -0.194405120717  0.106499839547 1.37661740368  0.66747710938 -1.97191367484 -10.0284384839 -0.662226420021  0.260177176152  -0.38407282089 1776669966.27
  1.33747150704 -0.190830430646   0.09518081829 1.35436541361 0.618951489303 -2.25966514866 -9.87654047991 -0.903409620477 0.0115540214336 -0.398121116097 1776669966.31
  1.30665391488 -0.193740077134  0.083584191065 1.3235807447 0.569483906066 -2.53606527249 -9.72751707842  -2.65579079692 -0.326654709984  -0.81177073224 1776669966.32
  1.25969362958 -0.200396888228  0.071407181974 1.277531189  0.51790179986 -2.79690519619 -9.58845538823  -4.37664353847 -0.517043875285 -0.964751409881 1776669966.34
  1.19124474282 -0.207374179395 0.0581443396179 1.21055724846  0.46345158597 -3.03927374927 -9.46274599369  -5.66419761504 -0.380248263851 -0.990503043531 1776669966.35
  1.09881992918  -0.21119664301 0.0432750614688 1.11976872154 0.406004927648 -3.26175147455 -9.35022854907    -3.8699052714 -0.0294931791036  -0.591012854384 1776669966.37
 0.983877511034 -0.208954558882 0.0264751666101 1.00616991549 0.346211312494  -3.4643472557  -9.2479698464  -4.38503882027  0.220543694238 -0.630252054482 1776669966.4
  0.852024120163  -0.198784150971 0.00780363874092 0.874940647584 0.285562766389 -3.64823759305 -9.15148411708 -8.24915525285 0.875333552065 -1.17420158586 1776669966.42
  0.712292678233  -0.180136175775 -0.0121827724874 0.734818563479 0.226345020444 -3.81541305065 -9.05612685676 -9.92369761216  1.61554855109 -1.44457962188 1776669966.44
  0.575697328442  -0.153798968488 -0.0324208892424 0.596768506829 0.171459663285  -3.9683295503 -8.95837024373 -8.60854146166  1.94357969699 -1.30584114964 1776669966.45
   0.45343121199  -0.121692141747 -0.0514498139696 0.47228796801 0.124117070134 -4.10961538457 -8.85670675973  -4.55381706381   1.38951625895 -0.726706623477 1776669966.47
  0.355110522982 -0.0864908293158 -0.0676225432248 0.371694707308 0.0874244941128  -4.24183166797  -8.75201944143  -3.03850341032   1.29058971562 -0.511153453735 1776669966.5
  0.287389832979 -0.0511668642725 -0.0793821914867 0.302510324493 0.0639253425461  -4.36725724995  -8.64738109167  -2.7027909515  1.80106952659 -0.47509191045 1776669966.52
  0.253135567117  -0.018537373507 -0.0855475242793 0.267842544168 0.0551725594091  -4.48767931824  -8.54737248678  -1.27028425244   2.11607798454 -0.216410325623 1776669966.54
  0.251208738758 0.00910469840459 -0.0855461365776 0.265531292779 0.0614259278033  -4.60420247533  -8.45711207373 0.767757773521   1.5817057425 0.194816074044 1776669966.55
  0.276808030129  0.0302317460999 -0.0795407126701 0.289591728108  0.08154195518 -4.71711560201 -8.38124299355  1.66413999287 0.821500299283  0.40123777727 1776669966.57
  0.322259668186   0.044178886898 -0.0684151757698 0.332390890462  0.11308146757 -4.82585978209  -8.3231145623  1.95523622239 0.402994732054 0.500354888644 1776669966.59
  0.378097682026  0.0511086077592 -0.0536201758494 0.385285699447 0.152610367034 -4.92912199946 -8.28432718995  2.71614961317 0.186576927597 0.764005201968 1776669966.62
  0.434252892867    0.05187189161 -0.0369134477993 0.438895056626 0.196130249095  -5.0250501972 -8.26470145662   3.31436894064 -0.106265338801   1.07917774577 1776669966.63
  0.481170720099  0.0478038787117 -0.0200589969737 0.483955407098 0.239557008228  -5.1115576409 -8.26261562039   2.56558101473 -0.381824495759   1.08559340349 1776669966.65
   0.510714388744   0.0404924528238 -0.00455972555523 0.512337405137 0.279166983434  -5.1866632155 -8.27556621853  0.856950620175 -0.391197135016  0.687767617602 1776669966.66
  0.516771434249  0.0315521868964 0.00851326586103 0.517803757662 0.311946238398 -5.24879893555  -8.3007696825 -0.274617555326 -0.326953875664  0.418450043256 1776669966.69
 0.495540871557 0.0224271829408 0.0185610065316 0.496395250664 0.335803601989  -5.2970081419 -8.33564634421  -1.61999298801 -0.393618132653  0.383231918786 1776669966.72
 0.445512744768  0.014238092023 0.0253705019737 0.446461634842 0.349637663534 -5.33096520674 -8.37809765917  -4.10569534038 -0.471530035893  0.331935987949 1776669966.74
  0.367162518869 0.00768321286201  0.0289400999124 0.368381427877 0.353277127901 -5.35077918008 -8.42657290239  -6.40083011907 -0.392811331827  0.136541370396 1776669966.75
  0.262397260812 0.00300051255392  0.0292766889299 0.264042515653 0.347336129192 -5.35659983901 -8.47998965532   -5.62833589371  -0.185486669641 -0.0653244743816 1776669966.76
    0.133836999262 -6.23112135162e-06    0.0262320406892 0.136383512086  0.33303441968 -5.34810956569 -8.53760076546   -4.85126323584 -0.0850940942891  -0.171515793539 1776669966.79
 -0.0159102029634 -0.00188116885824    0.019437164011 0.0251888209212 0.312023769919 -5.32403241664 -8.59888708967  -7.19350310323 -0.076285969849  -0.40328130825 1776669966.82
  -0.184762011199 -0.00338492355495  0.00837078117461 0.184982508544 0.286240606498 -5.28180125274 -8.66351694756  -12.5233184503  -0.12202856767 -0.947090002152 1776669966.84
  -0.371264212917 -0.00534377671432 -0.00743688150549 0.371377138431 0.257781405311 -5.21749142356 -8.73137337996  -13.6104585912 -0.179133414401  -1.27480635365 1776669966.85
  -0.574202539809 -0.00851052686422  -0.0281056723492 0.574952967301 0.228782962178 -5.12607041484 -8.80262493555  -9.19864123155 -0.177594689372 -0.998561113313 1776669966.86
 -0.791833592974  -0.013463550769 -0.0530919100911 0.793725681252 0.201289831858 -5.00194865994 -8.87780563544  -7.73161527319 -0.208455021004 -0.914608319399 1776669966.9
  -1.02101474657  -0.020557200768 -0.0809611426583 1.0244258967 0.177102943664  -4.8397612752 -8.95786500976  -11.1001651693 -0.393054390588  -1.34351300068 1776669966.92
  -1.25657763753 -0.0299200344723  -0.109342394325 1.26168075471 0.157618476057 -4.63526592811 -9.04414117076  -16.8755470118 -0.751103962388  -1.94378051887 1776669966.94
  -1.49121452263 -0.0414850506721   -0.13512028571 1.49789827877 0.143677357416 -4.38620671577 -9.13820253888  -16.1632438408 -0.883587583461  -1.60143410542 1776669966.95
  -1.71596739523 -0.0550332536916  -0.154858160399 1.72381954112 0.135451159443 -4.09297317927 -9.24151309858  -9.73609946859  -0.65104060352 -0.685050629135 1776669966.97
  -1.92120834322 -0.0702381912258  -0.165375475508 1.92959165355 0.132391448231 -3.75889194286 -9.35491771389  -6.72377486317 -0.557700640575  -0.16708718205 1776669966.99
  -2.09785782162 -0.0867089923601  -0.164348215687 2.10607127731 0.133267837015 -3.39003990233 -9.47801711194  -7.33357732769 -0.781038219615  0.337281938415 1776669967.02
 -2.23854878498 -0.104035477676 -0.150780524838 2.24603179185 0.136312038913 -2.99456201608 -9.60858175891 -8.64449365942  -1.2618698218   1.4056410737 1776669967.04
 -2.33850316449 -0.121836914004 -0.125217991124 2.34502043259 0.139466395687 -2.58159285283 -9.74220085263 -5.59413099129 -1.27095983187  2.17246747296 1776669967.05
  -2.3960013554 -0.139807949349 -0.089634193388 2.40174999665 0.140705572094 -2.15998498912 -9.87234492302  -1.88884221188 -0.917381873377   1.99798788464 1776669967.07
  -2.41244232966  -0.157748039579 -0.0470062933512 2.41805128762 0.138368535089 -1.73710620097 -9.99093195734 0.0658895933324  -0.59922663226   1.49090659135 1776669967.09
    -2.39207003943    -0.175560928063 -0.000678948820324 2.39850394496 0.131420386841 -1.31796187726 -10.0893521884   1.45923828229 -0.729264633733   1.91880646995 1776669967.13
 -2.34146391729 -0.193220002266 0.0463258502321 2.34987942875  0.119573175558 -0.904828228847  -10.1597699966 4.96661651789 -1.4169151467 3.73130122531 1776669967.14
 -2.26886803762 -0.210708957276 0.0918797938665 2.2804829167  0.103232510621 -0.497461750632  -10.1964279358  6.50618111512 -1.42981801749  3.65229782886 1776669967.15
 -2.18339565095 -0.227957562014  0.135058760641 2.19941403275  0.0832895586551 -0.0938109198608   -10.1966574192   5.3983773664 -1.05301294062  2.60254860843 1776669967.16
 -2.09412850917 -0.244793826157  0.176121425332 2.11573083985 0.0608251791491  0.308964240408  -10.1613592898   2.72918135039 -0.516388654864   1.27049708728 1776669967.18
 -2.00915389088 -0.260925861495  0.216172332888 2.0375259851 0.0368167990737  0.713423739965  -10.0948383998   2.80081619227 -0.547194783979   1.41341198968 1776669967.23
 -1.93463846263 -0.275953358084  0.256606944033 1.97099552527 0.0119317380112   1.12097824383  -10.0040256022  5.68202488207 -1.19775453467   3.4630818776 1776669967.24
 -1.87409298049 -0.289396313708    0.2984892887 1.91965376602 -0.0135421927287    1.53138706502   -9.89725780276  4.82927469219 -1.12168147607  3.86808545408 1776669967.25
 -1.82799452825 -0.300723232103  0.342025123289 1.88387357394 -0.0396232324268    1.94267622613   -9.78287699461   2.71940547084 -0.677000592098   2.97579743239 1776669967.26
 -1.79388152042 -0.309365092378  0.386263274408 1.86089144951 -0.0664548830293    2.35141985165   -9.66793372768  0.910915917578 -0.208702582622   1.29889764653 1776669967.28
 -1.76693261941 -0.314713302786  0.429094816711 1.84532319831 -0.0940779575243    2.75325804829    -9.5572409055  0.880422870414 -0.112199192506   1.35123982017 1776669967.33
 -1.74092290625 -0.316114023995   0.46754215833 1.83011920691 -0.122220431812   3.14350612943  -9.45293801796   2.67287390245 0.0850932039551   3.21126268192 1776669967.34
 -1.70936357277 -0.312880543439  0.498259819572 1.80778342347 -0.150160213892   3.51773506343  -9.35461807197  3.44654432618 0.545810047351  2.34573064111 1776669967.35
 -1.66660324439 -0.304344432682  0.518124391307 1.77162207956 -0.176699317532   3.87224954345  -9.25996106296  3.90550577214 0.889510201415  1.02903411062 1776669967.36
 -1.60870212775 -0.289954093586  0.524782392215 1.716797155 -0.200268477838   4.20443347438  -9.16572421996    1.99014247016   0.524166821598 -0.0161320248128 1776669967.38
  -1.5339651652 -0.269410008923  0.517049231706 1.64102735777 -0.21915748848  4.51295594258 -9.06887145812   2.59558207176  0.739002183108 -0.465279009268 1776669967.43
 -1.44310745408 -0.242806740133  0.495098212106 1.54487425919 -0.23183654445  4.79783166232 -8.96759215214  8.69864568819  2.61893001719 -2.52741632242 1776669967.44
 -1.33909561207 -0.210739988277  0.460429327071 1.43163667393 -0.237301825991    5.0603212112  -8.86197169493  10.0284375846   3.1735167439 -3.68244956235 1776669967.45
 -1.22674417333 -0.174338198704  0.415649458321 1.30692752153 -0.235356252732    5.3026574481  -8.75413935976  9.64341274752    3.210051734 -4.09227320503 1776669967.46
 -1.11214466328 -0.135193674356    0.3641205502 1.17801819032 -0.226737397929   5.52760877386  -8.64783010318  3.55259678036  1.25094683469 -1.67717343743 1776669967.47
  -1.00198205923 -0.0951945546096   0.309539738918 1.05301704649 -0.213035441095   5.73793555374   -8.5474391103  3.18738020592  1.20122434681 -1.65344466005 1776669967.52
-0.902773887422 -0.056288348595  0.255510039701 0.939922576804 -0.196398471794    5.9358455715  -8.45678820789  7.07143365212  2.91412519725 -4.05799533877 1776669967.54
 -0.820071907562 -0.0202297055172   0.205149231442 0.845584639003 -0.179083238347   6.12258264063  -8.37791991746  7.08494194958  3.31681901913 -4.62654845593 1776669967.55
-0.757698509161 0.0116287602885  0.160774151664 0.774655140494 -0.16295634749  6.29826871071 -8.31025218285  4.36329357539  2.48750976052 -3.45278752675 1776669967.56
-0.717132066013 0.0384562059791   0.12369026134 0.728736276463 -0.14906948612  6.46205861144 -8.25035144008 0.953528515635 0.761389576563 -1.05032513155 1776669967.57
-0.697178389571 0.0599538889788 0.0941103848999 0.706051655501 -0.137418232576   6.61257342185  -8.19243060152  0.349720195787  0.572747071624 -0.794842702318 1776669967.62
-0.694044868602 0.0762667896077 0.0712177687576 0.701845334398 -0.126952487598   6.74848627182  -8.12949296969 -0.174584988468    1.0386061111  -1.51767582394 1776669967.64
-0.701864537064 0.0878317808055 0.0533734760801 0.709349686724 -0.115847981478   6.86908073281  -8.05487361233 -0.857499236153  0.829947537964  -1.43584679013 1776669967.65
-0.713616064294 0.0952091571285  0.038446615934 0.720965195482 -0.101985526882   6.97461097706  -7.96382031021 -0.877957944096  0.477679641144  -1.25341107293 1776669967.66
-0.722283638657 0.0989414121803  0.024222275606 0.729431132014 -0.0835313226719    7.06636196427   -7.85473373929 -0.142536678474   0.07216432053 -0.501846024891 1776669967.67
 -0.722029876473  0.0994689521893 0.00882309557911 0.728902642323 -0.05948065422  7.14640838459 -7.72975645172   0.195806818994 -0.0272375801691  -0.493731343932 1776669967.72
  -0.709136868678   0.0971126392954 -0.00892760366539 0.715811193917 -0.0300282120394    7.21716334945   -7.59454639396  1.39304558099 -0.25928254277 -1.34271106242 1776669967.74
 -0.682511632575  0.0921135641794 -0.0292672468858 0.689321121863 0.00333670036547    7.28086068527   -7.45725925776   3.20182983444 -0.606538503437  -2.07769720664 1776669967.75
 -0.643643812186  0.0847059648235 -0.0514266581323 0.651227424644 0.0380491873483   7.33911690003  -7.32695063249   3.31709552255 -0.648972694971  -1.70611672329 1776669967.76
 -0.596024279906  0.0751927580219 -0.0737511991082 0.605258731838 0.0709651867077   7.39267873145  -7.21174951295   1.67551169101 -0.348781198739 -0.716871322253 1776669967.78
 -0.544154233541  0.0639958171784 -0.0939934908058 0.555908329503 0.0990273087788   7.44139959653  -7.11721576141   1.68430935662 -0.382314259662 -0.584578166948 1776669967.82
-0.492365644968 0.0516637227423 -0.109728304241 0.507083197655 0.119943437922  7.48442583433   -7.045260501    3.3978633864 -0.851190760128 -0.839738360959 1776669967.84
-0.443713899164  0.038834745398 -0.118816031377 0.460985261233 0.132709000128  7.52052921354 -6.99388626584   3.95013327155  -1.08084884591 -0.428269683356 1776669967.85
-0.399185421054 0.0261674342486 -0.119830815283 0.417604070009 0.137833976587  7.54850363691 -6.95781916909   3.34537156837 -0.952388404813  0.249614000945 1776669967.86
-0.357395371169 0.0142608636922 -0.112375397597 0.374917395637 0.137204639642  7.56754750654 -6.92989958226   1.46752774244 -0.392894666363  0.393358805565 1776669967.88
 -0.314850328288 0.00358877547677 -0.0972254836097 0.329539683795 0.133602036946  7.57756705143 -6.90291874399   1.47116307035 -0.321213507975  0.585785161305 1776669967.92
   -0.26673669511 -0.00553353704576  -0.0762770831075 0.277483833687 0.129989773053  7.57934866318 -6.87147988375   3.40166146619 -0.526674853762    1.4312094489 1776669967.94
 -0.208083693415 -0.0129417647806 -0.0523046653046 0.214946716079  0.12874612165  7.57455689002 -6.83345205686   5.56866653144 -0.551732756341   2.01748804696 1776669967.95
 -0.135056703565 -0.0185801370315 -0.0285703641892 0.139290345609 0.131031186686  7.56552627172 -6.79067796801   6.18833327424 -0.362886670989   1.67901699925 1776669967.96
 -0.0460818018387  -0.0224416292065 -0.00835035356795 0.0519315663817 0.136444912435  7.55484066616 -6.74877282894   4.00665192412 -0.123499727876   0.70977430204 1776669967.98
 0.0574941515211 -0.0245152615834 0.00553982340994 0.0627476306569 0.143058274439  7.54473822834 -6.71606675931    3.61698980834 -0.0386133583242   0.324054956575 1776669968.01
  0.171428923511 -0.0247636759975  0.0111369638957 0.173565974286  0.14781021588  7.53643647059 -6.70194342466   5.70296973319 0.0337166211694 0.0498915556887 1776669968.04
  0.289374996431 -0.0231443550259 0.00756839740352 0.29039771068 0.147180628856  7.52952143005 -6.71496074352   9.65735366445  0.211131446736 -0.665189280834 1776669968.05
   0.404328346279  -0.0196719713979 -0.00490492552043 0.404836332804  0.13799309993  7.52156604261 -6.76117245722  8.66481498069  0.33872313225 -1.27815663616 1776669968.06
  0.510441912678 -0.0145024534417  -0.025041432889 0.511261518927 0.118179265676  7.50811933416 -6.84299781884    4.2512940862  0.247407115249 -0.976077409738 1776669968.08
   0.604767300664 -0.00800728236848  -0.0509247800495 0.606960408714 0.0873490659302   7.48313612741  -6.95883635722   2.88971758797  0.222391609435 -0.897800301085 1776669968.11
    0.688437405614 -0.000803985359169   -0.0803424795433 0.693110108035 0.0470503841286   7.43980757427  -7.10344274428  3.78890981328 0.333984226091 -1.40737571034 1776669968.14
  0.766875539057 0.00628220912397  -0.111139250281 0.774912570235 0.000656993151104     7.37163178762    -7.26891532698  6.60558973158 0.541003294793 -2.51707295222 1776669968.15
 0.848818445211  0.012331355219 -0.141455989952 0.860612928293 -0.047113617827   7.27346865989  -7.44604962625  7.56027348656 0.435435648046 -2.50055637154 1776669968.16
 0.944238884806 0.0164974908242 -0.169802081074 0.959526959247 -0.0909866221782    7.14229314617    -7.6257785455  5.26137316728 0.144913771607 -1.32323168632 1776669968.17
  1.06157752074 0.0181913691543 -0.194964749233 1.07948553112 -0.126093012025   6.97742194694  -7.80045261179     4.164055654 0.0115889073542 -0.734954476955 1776669968.2
  1.20495003856 0.0172230712818 -0.215817515439 1.22424606578 -0.148931614479   6.78013403773  -7.96478085522    6.40057348741 -0.0893931945336  -0.745468078424 1776669968.24
  1.37209576046 0.0138545362963 -0.231130482809 1.39149560694 -0.158126705639   6.55279473902  -8.11633104101   14.9581412587 -0.364064121979  -1.01535825686 1776669968.25
   1.55372692712 0.00873423904617  -0.239492481966 1.57210060108 -0.15479391807  6.29776202213 -8.25556170357   18.3299063645 -0.562903042189 -0.419296147629 1776669968.26
   1.73462926122 0.00272129827453  -0.239423427532 1.75107671363 -0.142393730447    6.0164406207  -8.38542237396   11.2004631015 -0.395164549723  0.320318398251 1776669968.27
    1.89642183676 -0.00335641099506     -0.2296918618 1.91028411495 -0.126062881752   5.70881900121  -8.51061091715    4.0096753347 -0.163019925751  0.414503596885 1776669968.29
    2.02142263403 -0.00893875657735   -0.209775918777 2.03229803494 -0.111545077468   5.37368062367  -8.63661461146   3.35929286454 -0.176617320519  0.827707496744 1776669968.34
   2.09671857174 -0.0138871607892  -0.180340073848 2.10450568176 -0.10395622893  5.00946604409 -8.76867917055   4.90611963907 -0.488540221155   3.38377198154 1776669968.35
   2.11741723061 -0.0184976799004  -0.143568029408 2.12235945865 -0.106678797105   4.61554242559  -8.91084466126  -0.39530086825 -0.440108555881   3.58512333217 1776669968.36
   2.08821390452 -0.0233558392316  -0.103208239997 2.09089328926 -0.120660889139   4.19348305588  -9.06516328902  -3.79249439013 -0.423653387209   3.17950485041 1776669968.37
   2.02281066703 -0.0290660254242 -0.0642529410176 2.02403959174 -0.144298300543   3.74792595248  -9.23118107903  -2.23330028192 -0.191135844159    1.0781250691 1776669968.39
   1.94126391909 -0.0359324773767 -0.0322681767715 1.94186456318 -0.173926538518   3.28668546292  -9.40573355243  -2.45812034727 -0.229067099443  0.810646658693 1776669968.44
   1.86585927871 -0.0436919973853 -0.0124930185789 1.86641257875 -0.204787967893    2.8200046129  -9.58307948349    -5.087153708 -0.630176398461   0.95262273032 1776669968.45
    1.81647031038  -0.0513914140237 -0.00889926852222 1.81721893643 -0.232214384671    2.3590891667  -9.75537487432  -2.80069644775 -0.649425861137 -0.515402104848 1776669968.46
   1.80645730022 -0.0574661359805 -0.0234245512592 1.80752290273 -0.252714700029   1.91427287969    -9.913464787  0.996914120431 -0.365717164986  -1.97741219827 1776669968.47
   1.83999164271 -0.0600201963828 -0.0555546107562 1.84180834616 -0.264695006843   1.49326268521  -10.0479365479    1.65948001986 0.00342434151083   -1.24901192752 1776669968.49
   1.91131625422 -0.0572497592453  -0.102346914097 1.91491050689 -0.268650119998   1.09988111459  -10.1503317914  2.51350125456 0.183392475396 -1.56459007263 1776669968.53
   2.00598875713 -0.0479085566263  -0.158883557516 2.01284130234 -0.266814975158  0.733584283806   -10.214363535  6.97881874439 0.926790440233  -4.2327625354 1776669968.55
   2.10372734306 -0.0316974753601   -0.21904724378 2.11533807201 -0.262404987866  0.389838199377  -10.2369440952  7.89062117884  1.72114228253 -5.26510404528 1776669968.56
    2.18218668866 -0.00947537080117   -0.276453571463 2.19964885925 -0.258667600512 0.0612406476863   -10.218820816  4.20358357349  1.73907908343 -3.81448864027 1776669968.57
  2.22088096422 0.0167705540095 -0.325356812568 2.24464931876 -0.257993129431 -0.260873187379  -10.1646557948 0.372266063234 0.893949492601 -1.41429822926 1776669968.59
  2.20453851832 0.0441996986187 -0.361371742192 2.23439773277 -0.261294766464 -0.584678483383  -10.0824764751  -1.58311166496  0.875439295614 -0.937385022005 1776669968.63
  2.12537348325 0.0695848966236 -0.381908276458 2.16053429335 -0.267785230555  -0.91629450094  -9.98255154364  -7.80257577477   1.61605772872 -0.881434708329 1776669968.65
    1.984026623 0.0898717898618 -0.386282341429 2.02327769391 -0.275177639045  -1.25866658833   -9.8758799409 -13.0811926711  1.28890708768   0.2481752782 1776669968.66
   1.7891918616  0.102709313165 -0.375530267237 1.8310597211 -0.280244515692  -1.61104982423  -9.77258108094 -13.8345120134 0.548549381402  1.10834337815 1776669968.68
  1.55615096892  0.106837399139 -0.352003347894 1.5990392193 -0.279598113483  -1.96912934748  -9.68050821857    -8.39255533652 -0.00789502679612    0.981605156985 1776669968.69
  1.30455791991  0.102253409354 -0.318846795119 1.34684461052 -0.270516643157  -2.32570703772  -9.60435938634  -8.77815237004 -0.293096774216   1.27262925358 1776669968.73
  1.05584719928 0.0901325830425 -0.279470862004 1.09592023134 -0.25163793712 -2.67180379969 -9.54544153747  -15.7926220282 -0.990245652004   2.72378316406 1776669968.75
  0.83061027444 0.0725354439421 -0.237104155102 0.866829394402 -0.223373107243  -2.99797614075  -9.50208585021 -14.5446484228   -1.354641721   3.0175507439 1776669968.76
 0.646223434541 0.0519815445644 -0.194486993018 0.67685448863 -0.187951737872  -3.29562708086  -9.47055970681 -9.74390215385 -1.28231916512  2.57371885234 1776669968.78
 0.514943736043 0.0309930263785 -0.153725144507 0.538292707574 -0.14908631459  -3.5581056466 -9.44621559221 -3.67797785575 -0.72753786892  1.41265095777 1776669968.8
 0.442629582341 0.0117088068905 -0.116289934312 0.45780060304 -0.111322466248  -3.78143513974   -9.4245860099 -1.60704408594 -0.65480887843  1.30777251462 1776669968.83
   0.428188036339 -0.00435659652076  -0.0831255134498 0.436203880523 -0.0792072065472    -3.9645829285   -9.40218052494  0.686495209189 -0.910929922019   1.99390854867 1776669968.85
  0.463796620526 -0.0163783351395 -0.0548107894866 0.467311221476 -0.0564452911434   -4.10927261692   -9.37684698745    3.8585603106 -0.708299327656   1.84162693031 1776669968.86
   0.53588779156 -0.0241265775684  -0.031722204019 0.537367765237 -0.0452147585079   -4.21942514365   -9.34768898383   5.17975232477 -0.361880120967   1.29186462734 1776669968.88
  0.626816088269 -0.0277675871747 -0.0141526516568 0.627590427715 -0.045775658374  -4.30037680223  -9.31464779819     3.2571555481 -0.0631333874032   0.527933360261 1776669968.9
   0.717049860212  -0.0276380386865 -0.00235870011424 0.717586180663 -0.0564396228465   -4.35804212911   -9.27793135619   2.96755547323 0.0682539018847  0.325176524876 1776669968.93
   0.78764537123 -0.0240685068379  0.0034705765536 0.788020665175 -0.0738893261866   -4.39816533434   -9.23749298901   3.3175870511 0.324425280199 0.177981360796 1776669968.95
  0.822685281074 -0.0173080004738 0.00330841145317 0.822873978299 -0.0937664224917   -4.42575024816   -9.19273341924  0.836216364392  0.582952132615 -0.213818145569 1776669968.97
    0.81132209638 -0.00756273392176 -0.00258349471339 0.811361456728 -0.111401267649  -4.44469986881  -9.14253360715  -2.16497537409  0.652656990209 -0.495621102398 1776669968.98
  0.749089196047 0.00487839477102 -0.0135397121929 0.749227432877 -0.122545717309  -4.45765219757  -9.08564002893  -3.16109164357  0.494065013225 -0.472032249759 1776669969
  0.638242639803  0.0194888399156 -0.0284287072181 0.639172647677 -0.123989021848  -4.46597511454  -9.02133301354   -5.1598228968  0.600774081164 -0.632797144752 1776669969.03
  0.487063248976  0.0353868832873 -0.0456743948116 0.490478328117 -0.113975631141  -4.46987397546  -8.95022828467 -10.1069901207 0.974595146767 -1.07024766823 1776669969.05
  0.308239835275  0.0513102949554 -0.0633733077213 0.318842780301 -0.0923886933196   -4.46856362932   -8.87500767305 -12.5263173464   1.0253272553 -1.14365918721 1776669969.07
  0.116619934106  0.0657090934608 -0.0794960591264 0.155684030687 -0.0607024232824   -4.46045910714   -8.80086124827  -11.4360036544  0.768435567628 -0.862296045064 1776669969.08
-0.0732843831318  0.0769465913571 -0.0921409467121 0.140646126123 -0.0217344734237   -4.44334870903   -8.73545806926  -7.02207626397  0.342390703465 -0.389177290356 1776669969.1
 -0.249623275579  0.0835668132419 -0.0997939788012 0.281520923185 0.0207533971523  -4.41453140876  -8.68834464355  -6.54777804075  0.150401848418 -0.185652555962 1776669969.13
-0.404997253011 0.0845660049144 -0.101546174219 0.426011513498 0.0625475713334  -4.37092396719  -8.66978581876  -8.53638802916 -0.117614855708 0.0761733402616 1776669969.15
 -0.537423610226  0.0796014833252 -0.0972258302185 0.551917924186 0.0995022309022  -4.30916353297  -8.68918938474 -8.19557886687 -0.51725282332 0.471973646749 1776669969.17
 -0.650319224603  0.0690828420421 -0.0874183734328 0.659795047698  0.12801903385 -4.22574004401  -8.7533658274  -7.12410552548 -0.848180959529   0.79407529672 1776669969.18
 -0.751484577473  0.0541158366082 -0.0733659188971 0.75699415586  0.14542617784  -4.1171853424 -8.86494332317 -3.89508273783 -0.63547887038 0.594369760431 1776669969.2
 -0.851238550113  0.0363030541387 -0.0567591090713 0.853900800679 0.150213904555  -3.9803252995  -9.0212678669  -3.84177029783 -0.675661242922  0.624788012865 1776669969.23
 -0.960017864983  0.0174405933462 -0.0394521009905 0.960986443013 0.142109640756 -3.81257516544  -9.2140626382 -7.20388106968 -1.13976871702  1.03196783611 1776669969.25
    -1.08588702286 -0.000822071352899   -0.0231453286202 1.08613397353 0.122003700159 -3.61223584072 -9.43000376217 -9.95883847658 -1.26912463334  1.10990738779 1776669969.26
   -1.23246519379  -0.0172792805715 -0.00908798737061 1.23261981931 0.0917581474976  -3.37873710402  -9.65220714193 -10.7054389433 -1.04805362933 0.868314225198 1776669969.28
  -1.39773371415 -0.0313516048293 0.00214844210329 1.39808693385 0.0539424391125  -3.11277713487  -9.86243966132   -6.4257500962 -0.485936659563   0.37383708706 1776669969.29
  -1.57403171721 -0.0431096805909  0.0107836590895 1.57465887691 0.0115396154002  -2.81632598695  -10.0437033124  -6.17064691919 -0.382373494233  0.274792172664 1776669969.33
  -1.74929974554 -0.0531369271195  0.0178044332601 1.75019716906 -0.0323408933776   -2.49248901953   -10.1827315417  -10.1413703081 -0.579538658492  0.423956296693 1776669969.35
  -1.90934485482 -0.0622714822056  0.0248013028333 1.91052103279 -0.0747195070334   -2.14525513727   -10.2719165142  -11.3289005601 -0.706243200521  0.617655915465 1776669969.36
  -2.04064800923 -0.0712995660382  0.0336888500733 2.04217111534 -0.112959786489  -1.77917361695  -10.3102710231  -8.46824041087 -0.696880701609  0.815714481346 1776669969.38
  -2.13308684731 -0.0806839822226  0.0463535468071 2.13511546631 -0.14493681045  -1.3990067729 -10.3032111227  -2.62112305562 -0.354296602652   0.56758999297 1776669969.39
  -2.18195154791 -0.0903995329733  0.0642873656031 2.18476943826 -0.169163649416  -1.00939649104  -10.2611889609 -0.927653282084 -0.320252990997  0.698006530779 1776669969.43
  -2.18879420617 -0.0999157885868  0.0882701777777 2.19285085358 -0.184877364129 -0.614569693308  -10.1974526317   0.63759807444 -0.543783313023   1.63408958138 1776669969.45
 -2.16093179441 -0.108326486724  0.118158544892 2.16686923684 -0.192079316438 -0.218100086138   -10.125399343  3.33545592839 -0.61898349095  2.72372504525 1776669969.46
 -2.10974310925 -0.114585844191   0.15282310762 2.11837220642 -0.191517790839  0.177255294162   -10.056071621   4.81784769929 -0.404183114039    3.0804022792 1776669969.47
 -2.04817430198 -0.117786037392  0.190252653792 2.06036103491 -0.184599897653  0.569619615314  -9.99630284354   3.99948533282 -0.092587777076   2.46410016263 1776669969.49
 -1.98802701396 -0.117403562412  0.227812918864 2.00447841862 -0.173227578855  0.957931270541   -9.9478597435   1.72714658917 0.0676514662286   1.13050199274 1776669969.5
 -1.93761775421 -0.113455592829  0.262617326456 1.95862262652 -0.159567345529   1.34173150561   -9.9076964519  1.52214725435 0.188532280194  1.11245289346 1776669969.55
 -1.90027980668 -0.106535243975  0.291942479491 1.92552421777 -0.145779360065   1.72081493699  -9.86918652135  2.76658654094 0.683709327449  2.21667545591 1776669969.56
  -1.87397372598 -0.0977271798221   0.313610907605 1.90254564432 -0.133742665225   2.09479848858  -9.82399794594  2.20100519424 0.825892126991  1.56617075048 1776669969.57
  -1.85203489775 -0.0884321106587   0.326272141882 1.88263299961 -0.124816967288   2.46270947716  -9.76416784329  1.83938768431 0.658611296333 0.596622908908 1776669969.58
 -1.82486598522 -0.080143658372  0.329539470894 1.85611290951 -0.119678379244   2.82271455935  -9.68393597937    1.05283810759   0.214262079748 -0.0346251661959 1776669969.6
  -1.78221274314 -0.0742226705278   0.323975868894 1.81294005148 -0.118259195328   3.17208872761  -9.58099575484   1.75275399909  0.135303875962 -0.297992642643 1776669969.65
   -1.7155637433 -0.0717060698737   0.310956564261 1.74499131879 -0.11981049694  3.50745720152 -9.45697959154  6.73456397211 0.043543512835 -1.31019347342 1776669969.66
  -1.62019832824 -0.0731751377129   0.292456348123 1.64800726308  -0.1230890571  3.82525596626 -9.31716549888   9.98264916614 -0.318472387271  -1.82918697984 1776669969.67
     -1.49647547 -0.0786955537531   0.270811567649 1.5228167085 -0.126645027203   4.12228483178  -9.16953237432   10.4538697118 -0.567193087143  -1.70159369541 1776669969.68
  -1.35010227585 -0.0878296740716   0.248492366117 1.37558666137 -0.129157573862   4.39619996209  -9.02338080021   4.62856763263 -0.318753615708  -0.65089953185 1776669969.7
   -1.1913233449 -0.0997103364971   0.227899074815 1.21701744097 -0.129741692208   4.64581955761  -8.88777176352   4.98786754445 -0.398612379121  -0.58728705397 1776669969.75
 -1.03319347905 -0.113155881781  0.211178537714 1.06060803011 -0.128143311683   4.87118271373  -8.77003008337  12.7789497164  -1.1461795998 -1.17830882294 1776669969.76
-0.889287917529 -0.126800735392  0.200049289283 0.920288620435 -0.124759841167    5.0733800427  -8.67452851476   12.7748162785  -1.27135116454 -0.758459687723 1776669969.77
-0.771319589218  -0.13921760099  0.195630698561 0.807828459115 -0.120467896117   5.25423721682  -8.60192408282    7.83786247698  -0.861379548694 -0.0683527225791 1776669969.78
-0.687142156648 -0.149016514859  0.198286409014 0.730539365909 -0.116296644749   5.41595972409  -8.54896397025    1.9937265806 -0.237521480167  0.179682738211 1776669969.8
-0.639518810981 -0.154919611606  0.207509120087 0.689959731128 -0.113034994997   5.56083361027  -8.50891211389  0.952599253479 -0.105796328747  0.366792163939 1776669969.85
-0.625856580982 -0.155822933074  0.221884022422 0.682062875281 -0.110885714952   5.69103302855  -8.47256684949 0.0258666121209  0.167259340933   1.30512884284 1776669969.86
 -0.63889139067 -0.150862570541  0.239166313529 0.698671775436 -0.109269879715   5.80853247989  -8.42974762017 -2.09514387194 0.809358062362  1.71592072593 1776669969.87
-0.668113579008  -0.13949897437  0.256492461346 0.729125572883 -0.106843474497   5.91508290366  -8.37103830736 -2.63999251525  1.23120131677  1.32847723687 1776669969.88
-0.701592018569 -0.121621163535  0.270718053324 0.761781682856 -0.101728545103   6.01220049016  -8.28950838953 -0.928036377592  0.650459212555  0.347456716774 1776669969.9
 -0.727812704094 -0.0976559530926   0.278843807153 0.785494676114 -0.0919034412229    6.10113453626   -8.18211367698 -0.539788502802  0.803066620082  0.117441735471 1776669969.95
 -0.737195529786 -0.0686522854137   0.278464306022 0.791020072538 -0.0756576389455    6.18281226773   -8.05051808111  0.181313335084   2.34506997488 -0.408385611563 1776669969.96
 -0.723069114646 -0.0363033273521    0.26815946517 0.772046873507 -0.0520054581992    6.25778576053   -7.90117200114  2.55969387867  3.05223965488 -1.42510054239 1776669969.97
   -0.68203122861 -0.00287306509866    0.247751775832 0.725641642776 -0.0209693226798    6.32621438925    -7.7446119696  4.52172335169  2.70097519041 -2.05949633125 1776669969.99
-0.613761087426 0.0289899793519  0.218373252365 0.652096594601 0.0163204576847   6.38790123652  -7.59408402889  2.59515242753 0.954292635505 -1.05087967479 1776669970
-0.520446747119 0.0565449787371  0.182319839904 0.554348875014 0.0577172479966   6.44237083634  -7.46371409317  3.13134137982 0.728576389612 -1.14055504051 1776669970.05
-0.406029488512 0.0773233675032  0.142709409469 0.437269738553 0.100306980174  6.48894407583 -7.36652970795   9.0391119173   1.2162319283 -2.92673085968 1776669970.06
 -0.27544939831 0.0895098983771  0.102993318907 0.307395537828 0.140752210119  6.52675126429 -7.31266178238   13.183769561 0.724537773302 -3.69883086092 1776669970.07
-0.134018434885 0.0922722242923 0.0663941435655 0.175736412177 0.175660527823  6.55463758549 -7.30801469918   10.9241926506 -0.133966285817  -2.56150427301 1776669970.09
0.0130283987164 0.0859722182716 0.0353510561437 0.0938651088431 0.201916269699  6.57095656915 -7.35359738468   4.57779583175 -0.311538483771 -0.859270330852 1776669970.1
 0.160824165788 0.0722069308321 0.0110510246626 0.176636288196 0.216935617694  6.57330537698 -7.44558180297   4.54782247111 -0.503290196023 -0.657760916295 1776669970.15
    0.30507090498   0.0536529861208 -0.00688765210344 0.309829533351 0.218828932712  6.55831119224 -7.57603218768  9.82362242755 -1.34350834048 -1.10244786315 1776669970.17
  0.442226893732  0.0337214419186 -0.0205291626251 0.443985594027 0.206474619232   6.5216090897 -7.73415472793  13.1645001937 -1.86968272536 -1.32375753438 1776669970.18
  0.569722836822  0.0160659043541 -0.0334997515838 0.570932971053 0.179524048903  6.45813979977 -7.90786250693  11.2758432296 -1.37284997332 -1.39094771015 1776669970.19
  0.686183076657 0.00401942918195  -0.050622725218 0.688059612832 0.138366703129  6.36283080158 -8.08542687894   3.64166827636 -0.262773031779 -0.719425465548 1776669970.2
   0.791557640151 5.88989375572e-05  -0.0773240635607 0.795325412618 0.0840869096657    6.2316115125  -8.25698222721   3.00014667216 0.0206519415151  -1.01919002298 1776669970.25
    0.8870359918 0.00540202913787  -0.118855151686 0.89497965326 0.018435374066  6.06257905247   -8.415663168  6.07005930013 0.655364609697 -3.38474209445 1776669970.27
 0.974644798845 0.0198262254768 -0.179415786614 0.991219242962 -0.056180294462   5.85702023325  -8.55819166293   8.8858289903  1.90601316343 -7.46751970647 1776669970.28
  1.05653244084 0.0417590717256 -0.261297469085 1.08916527027 -0.136706178589   5.61995869901  -8.68480948212   7.0017932443  2.14344482059 -8.11482714872 1776669970.29
  1.13407846545 0.0686333317418 -0.364193685799 1.19309745654 -0.21949282446  5.35996733988 -8.79856950004  2.36290157774 0.873912189966 -3.50842191118 1776669970.3
   1.2070784732 0.0974380784481  -0.48482730357 1.30445012702 -0.300428335737   5.08816162728  -8.90413520623  2.07305548992 0.844574664677 -3.76489567488 1776669970.35
  1.2732888303 0.125348430678 -0.61701494556 1.42045208208 -0.375179368524   4.81652215048  -9.00635199443  4.37967923556  1.90578707191 -9.64132248199 1776669970.37
  1.32854572182  0.150293710021 -0.752222437314 1.53409925671 -0.43953496568  4.55590774999 -9.10890700021  4.33163689321  2.11401245532 -12.1159252939 1776669970.38
  1.36751524272  0.171334697389 -0.880573549775 1.63550093065 -0.489815384638   4.31423800002  -9.21336641642 2.48560580416 1.69567735398 -10.576923359 1776669970.39
 1.38493537186 0.188762662901 -0.99217561317 1.71408569637 -0.523284740298   4.09530063975  -9.31877870488 0.154592362667 0.528416407814 -3.21279742165 1776669970.4
 1.37704114993 0.203895462898 -1.07854458536 1.76098668677 -0.538498147586   3.89847997206  -9.42189152696 -0.631653059163  0.447278283205  -2.12307481606 1776669970.45
 1.34277807095 0.218614564826 -1.13387223375 1.77101990905 -0.535520155684   3.71945595363  -9.51789204296 -3.36056712741  1.11958458014 -2.80701901744 1776669970.47
 1.28443755528 0.234746671251  -1.1558946401 1.74384008788 -0.515967398135   3.55166666048  -9.60148016603  -6.56212505892   1.68884079901 -0.597725221658 1776669970.48
 1.20748981381 0.253432604141 -1.14619525453 1.68404967172 -0.482851164489    3.3881355748  -9.66803957912 -7.44318040166  1.80125681179   2.0773655797 1776669970.49
 1.11960630594 0.274635992032 -1.10989081574 1.60025024021 -0.440223880419   3.22319346371  -9.71467856368 -2.86254313571 0.697824422428  1.46694709191 1776669970.5
 1.02909477788  0.29692135069 -1.05477442111 1.50324563188 -0.39266640752  3.05368780042 -9.74095595224 -2.61934953481 0.637417575517   1.7782657838 1776669970.55
 0.943146510965  0.317577406759 -0.990092976069 1.40380370839 -0.34468696748  2.87944350966 -9.74916989032 -5.86886602656  1.30426744987  4.67340691268 1776669970.57
0.866363786029 0.333085872897 -0.92519093109 1.31053831208 -0.300129458852   2.70295772765  -9.74415836722 -6.72329570416  1.04606614603  5.72155494279 1776669970.58
0.799971850997 0.339853708643 -0.86825069522 1.22854172718 -0.26169877427  2.52850847538 -9.73263626358 -5.54453901986 0.087851275782  4.45067562416 1776669970.59
 0.741937961091  0.335057356445 -0.825312657335 1.15925681045 -0.230695629392   2.36097804302  -9.72216932504 -1.81478293935 -0.36367606816  1.11095879374 1776669970.6
 0.687969264419   0.31740878731 -0.799685879129 1.10161134359 -0.207012771281   2.20471391782  -9.71995178611  -1.61753792949 -0.704530663599  0.498319837711 1776669970.65
0.633112235605 0.287657503128 -0.79178638455 1.05380435601 -0.189386823766   2.06268450447  -9.73159854729  -4.04698859508  -2.42948557759 0.0108874000525 1776669970.67
 0.573502014313  0.248691881713 -0.799377933921 1.01476957665 -0.175841054652   1.93606797019  -9.76017299144 -5.74244028572 -3.77807558952 -1.20752731642 1776669970.68
 0.507763877365  0.205188108778 -0.818144789534 0.984523850286 -0.164211306487   1.82428243444  -9.80564108676 -6.10376495696 -3.85702582256 -1.93750204436 1776669970.69
 0.437667433689  0.162856747373 -0.842495547314 0.963262087866 -0.152633042114   1.72536127117  -9.86487225415   -2.3142102661   -1.2860951408 -0.799447149044 1776669970.7
 0.367848721926  0.127431906513 -0.866478674212 0.949914136059 -0.139885715583   1.63652116749  -9.93220671889  -1.99949640214 -0.890758172665 -0.634297284077 1776669970.75
   0.3046810038  0.103612455084 -0.884682635626 0.941397589068 -0.125534971651   1.55476690896  -10.0004949975  -3.94741326355  -1.15909611767 -0.924420559581 1776669970.77
 0.254611158823 0.0941814685675 -0.892997086261 0.93334923115 -0.109869125119   1.47741242288  -10.0624115744  -3.66805508831 -0.183674877462  -0.19823629607 1776669970.78
 0.222417231328  0.099493163535 -0.889128497306 0.921909864956 -0.0936769880018     1.4024492989   -10.1117775062 -1.92002271441 0.997429655438 0.866529169943 1776669970.79
 0.209850497456  0.117434115898 -0.872796065487 0.905318162188 -0.0779457464478     1.3287400226   -10.1446162747 -0.123510935576  0.739800917619  0.726141490016 1776669970.8
0.215010380962 0.143858422946 -0.84558238266 0.884270476517 -0.0635641450317    1.25604224927   -10.1597216746 0.343334784282 0.844416831796 0.940445590789 1776669970.85
  0.23260284126  0.173392506805 -0.810473975241 0.860835122263 -0.0511001167924    1.18488406896   -10.1586268436 1.32620718123  1.8757781933 2.46669132144 1776669970.87
 0.255008091193  0.200430905507 -0.771188271318 0.836619999925 -0.0406917970131    1.11631722976   -10.1450042744 1.78414880178 2.01921161618 3.41598382289 1776669970.88
0.273887536398 0.220116488521 -0.73142908247 0.811451880148 -0.0320572137787    1.05158376636   -10.1236616428 1.13052108705  1.2043354804 3.23083225503 1776669970.89
0.281938364576 0.229119520079 -0.69422624303 0.783540089856 -0.0245995874984   0.991743418006   -10.0993906233 0.00846004354751   0.101657754272    1.19050559459 1776669970.9
 0.274384545077  0.226088654725 -0.661489535517 0.750980268697 -0.0175668882742   0.937320864816   -10.0759496829 -0.498393936949 -0.270408484276  0.938545616575 1776669970.95
 0.249876513441    0.2117240505 -0.633849284943 0.713463567081 -0.0102173568543   0.888037725461   -10.0554118554 -2.06531706828 -1.21774917618  1.64261155528 1776669970.97
 0.210631242631  0.188498527415 -0.610784530996 0.673019285395 -0.00194661310837    0.842690817598    -10.0380021954 -3.71506286662 -2.17775805903  1.80903284239 1776669970.98
 0.161831299234  0.160112225429 -0.590976071263 0.633307201087 0.00765413206506   0.799223974103   -10.0224203452 -4.35349540258 -2.50763158756  1.65170329031 1776669970.99
 0.110463473717  0.130801472944 -0.572781175485 0.597820607992 0.0188170337217  0.755015064155  -10.0065279118  -1.67852875755 -0.950708472945  0.621381331216 1776669971
0.0638769957479  0.104631504073  -0.55471397255 0.568098242888 0.0316755504251  0.707362647939  -9.98820569547  -1.24745395035 -0.697643985987  0.561513379852 1776669971.05
0.0283653011606  0.084887716906 -0.535826526907 0.543250017698 0.0463599813754  0.654110682869  -9.96616444943 -1.82448971846 -1.01230130963   1.2676700588 1776669971.07
0.0080335611575 0.0736472889265  -0.51591350725 0.52120553358 0.0630586721268  0.594303444919   -9.9405218725 -1.07833900266 -0.59251727541  1.79418161712 1776669971.08
0.00412937045492  0.0715707473877  -0.495501859768 0.500661079589 0.0820019626801  0.528730264115  -9.91302427024 0.287719727076 0.178371332667  1.68510014765 1776669971.09
0.0149115810042 0.0779113050877 -0.475630721023 0.482200279437 0.103354364955 0.460215174692 -9.88687510491 0.558696675345  0.33510303706 0.665988426955 1776669971.1
0.0360341796871 0.0907070675814  -0.45747007141 0.467766074498 0.127039563703 0.393538131222 -9.86621596962 0.715840490326 0.450041349628 0.520603790845 1776669971.15
0.0613438014531  0.107102751282 -0.441862318272 0.458777036933 0.152558353657 0.334939470759 -9.85537329469  1.47867327179  1.01974402195 0.882118026021 1776669971.17
0.0839388046714  0.123743747072 -0.428892065684 0.454209909486  0.17887745867   0.2912454763 -9.85802598932 1.48694329899 1.24380580562 1.00331401753 1776669971.18
0.097315365679 0.137192426155 -0.41759052886 0.450193171855 0.204458681821 0.268742038763 -9.87645969623 0.490038243406 0.807721739533 0.903743708795 1776669971.19
 0.096427331463  0.144328374333 -0.405860337708 0.441419894902 0.227462617114 0.271995350597 -9.91105175673 -0.333981101674 0.0978759284453  0.478079341665 1776669971.21
0.0785060438239  0.142704653736 -0.390665807178 0.423258301765 0.246107498908 0.302854344122 -9.96008201547 -0.823205970547  -0.20991527795  0.581631256376 1776669971.25
0.0435206527281   0.13083731551 -0.368479440187 0.393433028843 0.259107240349 0.359855696387 -10.0198981754 -2.50664293593 -1.01991850413  1.62796092066 1776669971.27
-0.00579209305049    0.108404902291   -0.335917653562 0.353023853525 0.266072457281 0.438185687322 -10.0853946491 -4.49495438065 -2.27148904478    3.251858735 1776669971.28
-0.064337573258 0.0763320284775 -0.290449790804 0.307126981691 0.267750611989 0.530244673939  -10.150706391 -4.97387079888 -2.97923975188     4.35964144 1776669971.3
-0.125450434241 0.0367321747244 -0.231036066567 0.265451931931 0.266012759833 0.626732341737 -10.2099867863 -2.15925351182 -1.53578728147  2.42201376626 1776669971.31
  -0.181927535778 -0.00730482466506   -0.158550267919 0.241431514502 0.263557437832  0.71805509985 -10.2581361891 -1.56863199251 -1.37011263193   2.3938730734 1776669971.35
 -0.227123256443 -0.0520733696528 -0.0758742233003 0.245058171065 0.263378069623 0.795780564553 -10.2913703832 -2.16102052065 -2.52441434866  4.99341017083 1776669971.37
 -0.255906468029 -0.0937239383613  0.0123907986746 0.272810976489 0.268105394504 0.853849336947 -10.3075556112 -1.60643836115   -3.227186351  7.42346960847 1776669971.38
-0.265306915142 -0.128780814622  0.100575266917 0.311588898634 0.279371432358 0.889307429348 -10.3062797433 0.0483664601004  -2.54984767813   7.13733776885 1776669971.4
-0.254751303754 -0.154623432331  0.182855984554 0.349632583833 0.297337578652 0.902432012527 -10.2886734143   0.75223576231 -0.783771246059   2.93303981494 1776669971.41
-0.225889138791 -0.169851076414   0.25426898004 0.380168390839 0.320490609237 0.896262090219 -10.2570384848   1.12621530012 -0.307708860966   1.99621148272 1776669971.45
-0.182106552491 -0.174471709711   0.31161847483 0.400885579443 0.345750644781 0.875680328145 -10.2143785416      2.6506130079 -0.00101978383052     2.69981219722 1776669971.47
 -0.12789244887 -0.169888779179  0.354084629457 0.413030992283 0.368872032488 0.846289845067 -10.1639469938   4.7857040118 0.663064329806  3.01614154354 1776669971.49
-0.0682346775917  -0.158694641546   0.383385072112 0.420504546943 0.385066090546 0.813366574394 -10.1089218585 4.92738430517 1.05297615943 2.03144296356 1776669971.5
-0.00818237046447   -0.144306877952    0.403438238062 0.428548524838 0.389741224405 0.781135304593 -10.0522784173  2.15881490389 0.526513189389 0.676120713344 1776669971.51
0.0473693565161 -0.130499983174  0.419591178465 0.441962508128 0.379241835244 0.752525111249 -9.99686810696  1.62267824351 0.372932947448 0.543801073115 1776669971.55
 0.093706235504 -0.120890271309  0.437583721608 0.463545930503 0.351469880241 0.729431431443 -9.94563983435  2.21001830486 0.338215504476     1.20226449 1776669971.57
 0.126238739834 -0.118430016057  0.462496641601 0.493826924773 0.306289126378 0.713376792319 -9.90187789711   1.97006830577 -0.171444229164   2.54142012698 1776669971.59
 0.140501595394 -0.124962614579  0.497950496265 0.53226971554 0.245641178937 0.706346761026 -9.86929799594   0.25165007774 -0.927208721196   3.43807617988 1776669971.6
0.132333942136 -0.14088788606 0.545770090334 0.578987616606 0.173344239414 0.711504663052 -9.85185568847 -0.819191134704 -0.777080501151   2.10186835737 1776669971.61
0.0983086926309 -0.164986585341  0.606208414919 0.635903935125 0.0945977305173  0.733480274779  -9.85318939744    -1.448393296 -0.808654288729   2.00616291598 1776669971.65
0.0363936468578 -0.194452433379  0.678656553609 0.706902372421 0.0152702740027  0.778004115199  -9.87573751636 -3.81747401751 -1.51575927375  3.93872621871 1776669971.68
-0.0532669890382  -0.225170949166   0.762598506579 0.796928987242 -0.0589081980068   0.850824616288   -9.91970929899 -9.16516536667 -2.59668993721  8.07684469066 1776669971.69
-0.167637777812 -0.252258956897  0.858460197421 0.910324621462 -0.123110045662  0.956072255686  -9.98220508967 -10.6683047784 -1.97144467731  8.86799755942 1776669971.7
-0.300365070774 -0.270833330222  0.967998073921 1.04909014847 -0.173999167044   1.09445881408  -10.0568208575  -5.36719514798 -0.482670041224   4.61025099766 1776669971.71
-0.441838831505 -0.276917764754    1.0939902362 1.21190743804 -0.210050765167   1.26184114315  -10.1340006364  -4.28158061884 0.0382371475537   4.15443078349 1776669971.75
-0.579872609866 -0.268337156036   1.23920509488 1.39423324453 -0.231555641905   1.44867383853  -10.2022216893  -6.6352689061 0.806586926461  7.95865696116 1776669971.78
-0.701022695264 -0.245411232161   1.40486768378 1.58912324918 -0.240316506291   1.64070478838  -10.2498571882 -9.07305482792  2.43615453341  14.9323169852 1776669971.79
-0.792440131371 -0.211261855491   1.58904598883 1.78820023711 -0.239096054181   1.82096550573  -10.2673354338 -6.27452631992  3.23869603149  16.7007007503 1776669971.8
 -0.84401737265 -0.171602267059   1.78547192292 1.98235280687 -0.230923715057   1.97275171778   -10.249081052 -1.21299015573  1.61547748519   8.2401400313 1776669971.81
-0.850469724049 -0.133977221313   1.98325526363 2.16207078701 -0.21840301531  2.08297871862 -10.1947338717 0.474292649992 0.991720344904  5.82777128698 1776669971.85
-0.812905962053 -0.106549985838   2.16774684406 2.31760552782 -0.203173430991   2.14512656307  -10.1093018246  2.6374985503 0.88658598997 8.05844302738 1776669971.88
 -0.739433675156 -0.0966528385874    2.32250764877 2.43929205093 -0.185658729043   2.16102611985  -10.0021734499   7.30574221922 -0.123436674448   11.4619257184 1776669971.89
-0.644455839154 -0.109396092689    2.4320270141 2.5183419607 -0.165174949302   2.14098490154  -9.88521603852  8.52464660743 -2.20933822518  7.16427751437 1776669971.9
 -0.54656177338 -0.146639575256   2.48460091699 2.54822970979 -0.140384781692   2.10215019724  -9.77042808854  3.55556828097 -1.92794056192  0.84678383213 1776669971.91
-0.465260217613 -0.206561575106   2.47470372373 2.52651801392 -0.109992841029   2.06544177801  -9.66772721705  1.92169149994  -2.0386897391 -1.19261256804 1776669971.95
-0.417151600074 -0.283928621112   2.40428823458 2.45667108793 -0.0735057928129    2.05172835171   -9.58340459797  1.31563719255 -4.09075356686 -4.77628236024 1776669971.98
-0.412371608997 -0.371009848207   2.28269719654 2.34912859215 -0.0318557115736    2.07807471843   -9.51958179572 -1.57523012857 -7.87403474102  -12.557335883 1776669971.99
-0.452162439309 -0.458935789554    2.1251906857 2.22069997547 0.0122859291015   2.15481957883  -9.47472556446  -5.0126515617 -7.27855081981 -14.3794135598 1776669972
 -0.52820996452 -0.539211317465   1.95040048698 2.09136717749 0.0546008176648   2.28399718368  -9.44499277035 -3.51554563972 -2.99027241361 -7.11960321175 1776669972.01
-0.623974164785 -0.605076365066   1.77724148012 1.97839542168 0.0896211229378   2.45927836095   -9.4259693512 -2.85552812825 -1.70618488502  -4.9490210208 1776669972.05
-0.717751820349 -0.652463029572   1.62189851232 1.88982286599 0.111535833392  2.66727962224 -9.41428712308 -3.92414266352 -1.81549236848 -6.79158597497 1776669972.08
-0.786787149869 -0.680401284993   1.49545804846 1.82164066229  0.11514542173  2.88985280092 -9.40866608392 -4.14592756054 -1.69728658715   -9.697662063 1776669972.09
-0.811509812372 -0.690846281564   1.40259093661 1.76155558976 0.0967802076626   3.10685849785  -9.41011522833  0.354671718013 -0.346150468047  -7.00696291322 1776669972.1
-0.778992294361 -0.688008863341   1.34146137862 1.69696901004 0.0550135960046   3.29893574609  -9.42127849939  2.67415532528  0.28523505736 -2.06666215227 1776669972.11
-0.684962703344 -0.677348310238   1.30479178552 1.62186813333 -0.00895373894778     3.44986961355    -9.44516331376   3.68420884812  0.354790618493 -0.897499493884 1776669972.15
-0.534097123368 -0.664425371534   1.28180317218 1.53939604512 -0.0913023065678     3.5482847594    -9.4836655057  8.18228567847 0.556089726766  -1.0440660191 1776669972.18
-0.338725332053 -0.653817104807   1.26061162754 1.45991552242 -0.185994280686   3.58852677965  -9.53635436501  17.7912725478 0.688093857411  -2.1804661555 1776669972.19
-0.116401555682 -0.648270610619   1.23061115957 1.3957821939 -0.285505318605   3.57072165627  -9.59989021662  19.0785608459 0.236009827759 -3.21788956084 1776669972.2
 0.113049900075 -0.648228455035   1.18441286103 1.35492222478 -0.381776715372   3.50011957622  -9.66824623938    9.66076879562 -0.0763051001688   -2.41263210047 1776669972.22
 0.330414621184 -0.651799765891    1.1190255214 1.33650098176 -0.467241803243   3.38592005324    -9.733664313   6.17632027971 -0.105666409285  -2.25370605231 1776669972.25
0.519432332115 -0.65518097214   1.0361260972 1.33140127054 -0.535766691079   3.23982327333  -9.78807106425    7.76507187165 -0.0380098278945    -4.0805159884 1776669972.28
  0.66834479123 -0.653453925417  0.941444491286 1.32665162073 -0.583358058771   3.07454787679  -9.82457493018  10.5653239756 0.570580892378 -8.10570241152 1776669972.29
 0.770586189105 -0.641617394518  0.843441194308 1.31029348012 -0.608531047929   2.90250545993  -9.83867854474  6.75142577623  1.63197477368 -8.19859711478 1776669972.31
  0.82470929207 -0.615657031942  0.751563185037 1.27437287264 -0.612293010234   2.73474940928  -9.82895340225  1.40015872606  1.51162223822 -3.74799191625 1776669972.32
 0.833731641677 -0.573445073356  0.674411325492 1.2160503026 -0.597771662687    2.5802449843  -9.79709012159 -0.321320095645   1.56607538983  -2.08187586819 1776669972.35
 0.804116802105 -0.515291719637  0.618141688825 1.13764165501 -0.569582297161   2.44545425175  -9.74740526881 -2.07338465855  3.00994289455 -2.07125522249 1776669972.38
 0.744590966954 -0.444039109349  0.585362201252 1.04605704689 -0.533071674937   2.33419748152   -9.6860089956 -5.38276448791  5.82566522952 -1.68077201113 1776669972.39
  0.66495406312 -0.364678492629   0.57468802534 0.951535934958 -0.493585212266   2.24773951459  -9.61988604019  -7.22502120305   6.83656927132 -0.185774779154 1776669972.41
 0.574994423035 -0.283560892317   0.58100141675 0.865209808335 -0.455877587242    2.1850513724   -9.5561063635 -4.63944259523  4.02430562245 0.553920722658 1776669972.42
 0.48357097864 -0.20734472856 0.596344042668 0.795272874597 -0.423734171449   2.14320867532  -9.50127773625 -2.74984256493  2.20004283348 0.470003687776 1776669972.45
 0.397895499701 -0.141870883563  0.611271203148 0.743034763711 -0.399809077013   2.11790110016  -9.46122321985 -3.34398584044  2.41986572218 0.418442455491 1776669972.48
   0.32303222589 -0.0911713225117   0.616432713227 0.701891244388 -0.385634797864   2.10403129818  -9.44076609634  -5.52454268957   3.44902805522 -0.289873245738 1776669972.49
  0.261629372127 -0.0567985575096   0.604121307328 0.660786318307 -0.38173329236   2.0963708951  -9.4434766644 -4.40536240017   2.1620869902 -1.89268460075 1776669972.51
   0.21389765063 -0.0376096801502   0.569545008824 0.609547545367 -0.387763585833   2.09021728264  -9.47129039212   -1.964446175 0.627018766908 -2.16866710851 1776669972.52
  0.177845773487 -0.0300562169077   0.511627689068 0.542489988427 -0.402669674748   2.08196874769  -9.52401825911 -0.990560463978  0.134011968914   -2.1057731342 1776669972.55
  0.149766461418 -0.0289334334722   0.433212356537 0.459282138118  -0.4248292311  2.06952198974 -9.59888650227  -1.13395880533 0.0344395876053  -3.66512350391 1776669972.58
  0.124939101359 -0.0284493825491   0.340625456343 0.363929729378 -0.452230330286   2.05240711798   -9.6903127246 -2.20009375577 0.237173050181 -8.17498370743 1776669972.6
 0.0984813455576 -0.0234048293726   0.242650029138 0.262917093589 -0.482706463622   2.03161448213  -9.79011692838 -2.44253017123  0.75759249218 -7.97300889172 1776669972.61
 0.0662480859306 -0.0102453606823   0.149043795085 0.163425301463 -0.514235612335   2.00912929096   -9.8882775349 -1.76208001053 0.862295399103 -4.20574267773 1776669972.62
0.0256502029639 0.0122359808033 0.0688162401816 0.0744535227578 -0.54526561571  1.98726003881 -9.97419930953 -1.40087784067 0.824253610649 -2.18726826433 1776669972.65
-0.0237436088513  0.0427042807488 0.00853477114635 0.0496009765436 -0.574984338183   1.96790673906  -10.0383053835 -2.20088746805  1.36356267388 -2.03984174439 1776669972.68
-0.0799422352769  0.0776559123168 -0.0290496737021 0.115174151792 -0.603432177395   1.95194608566  -10.0736462983 -4.76544795113  2.88557004244 -2.25258337806 1776669972.7
-0.138678700522  0.112299680961 -0.045793988649 0.18422836296 -0.631373986912   1.93889916697  -10.0771722342  -4.64205210478    2.6101120372 -0.779030358452 1776669972.71
 -0.193968625413   0.141770154625 -0.0481856113381 0.245039706021 -0.659910939917   1.92698945788  -10.0503568526   -2.5034851695   1.25051614229 -0.018436879301 1776669972.72
 -0.238994090628   0.162408232103 -0.0465327598477 0.292677137728 -0.68990449372  1.91360382994 -9.99898526813 -1.15256600721 0.488786686775 -0.08221310839 1776669972.75
 -0.267147964745   0.172804461197 -0.0534055301271 0.322616750224 -0.721372185919   1.89605923737  -9.93209781463 -0.686581583492  0.240417403362 -0.706475582704 1776669972.78
 -0.273032416865    0.17432729053 -0.0815573613529 0.334048361878 -0.75306061754  1.87248220889 -9.86027669894   0.550595957811 -0.0730557292978   -3.49009420781 1776669972.8
 -0.25322299235  0.170956828647 -0.141672552089 0.336777720657 -0.782376987282   1.84255594419  -9.79362937824   2.75927585118 -0.246376900641  -6.60385213442 1776669972.81
 -0.20668631299  0.168403219026 -0.240345348969 0.35894952699 -0.805763778187   1.80789958353  -9.73991515226   3.01655577009 0.0437883136978  -6.03963047348 1776669972.82
-0.134846503564  0.172675181371 -0.378681347386 0.437492697817 -0.819458504572   1.77192026775  -9.70324531671  2.56320266406 0.310535841356 -4.82982000835 1776669972.85
-0.0413870017826   0.188429478128  -0.551817372555 0.584569041943 -0.820441140223   1.73910944594  -9.68365474646  4.09528212199 0.905052727618 -7.48310897389 1776669972.89
0.0680876498775   0.21752340028 -0.749493012979 0.783385048516 -0.80728922956  1.71391358415 -9.67762436613   9.5378208475  2.91987634829 -16.9886469416 1776669972.9
 0.186430782476  0.258172847249 -0.957603554291 1.00916511181 -0.780670048392   1.69945451826  -9.67939135759  9.85819048083  3.63405851882 -17.0762114539 1776669972.91
0.305341630921 0.304983147848 -1.16046084287 1.23811049583 -0.743302464266    1.6964565606  -9.68268772585  6.03254580444   2.4124558907 -10.1447135893 1776669972.92
0.415803364864 0.349900495158 -1.34333111095 1.44908980687 -0.699384702879   1.70271483088  -9.68245254499 3.17232416181 1.23117455681 -5.2158854395 1776669972.95
 0.50865592929  0.38388914182 -1.49474701112 1.62492164576 -0.653651043746    1.7133016031  -9.67609194414  3.14747937214 0.967282847818 -5.22270865048 1776669972.99
 0.57538416143 0.398942839558  -1.6081284005 1.75393821868 -0.610332075874    1.7214892772  -9.66400148138  4.19870279936 0.253023244942 -7.84016956335 1776669973
 0.60914620861 0.389944911369 -1.68239087805 1.83127147193 -0.572312228394   1.72014226744  -9.64927540507   1.2883393842 -1.81183077577 -4.77271381928 1776669973.01
0.605972171398 0.355925992826  -1.7214431215 1.85936871154 -0.540702268851   1.70317709328  -9.63674542792 -1.08700801938 -2.25293747518 -1.26662410295 1776669973.02
0.565952045151  0.30042050324 -1.73272240051 1.84739847175 -0.51490447031  1.66666602478 -9.63165618502   -1.71859582037   -1.92213987783 -0.0566954185112 1776669973.05
0.494139191947 0.230847933802 -1.72513242267 1.80929438879 -0.493095100072   1.60927305682  -9.63835131922  -3.3002417982 -2.86537836096 0.516659281372 1776669973.09
0.400857494518 0.157079990083 -1.70687652706 1.76033756218 -0.472933735293   1.53192233628  -9.65929991063 -7.87703041225 -5.76759247993   1.6914230084 1776669973.1
 0.301145276083 0.0895370336848  -1.68369112657 1.71275251201 -0.452265228302   1.43683840249  -9.69465917001 -7.75180581827 -4.95036808817  2.02412113918 1776669973.11
 0.213204941925 0.0372434991032  -1.65787742834 1.67194527209 -0.429614519725   1.32628874862  -9.74239465561 -3.85627229733 -2.21184751801  1.47016126228 1776669973.12
   0.15593505995 0.00624860605824   -1.62833133395 1.63579268892 -0.404367018228   1.20144425362  -9.79882295473  -1.05947344903 -0.606281458422   1.04371470539 1776669973.15
   0.145856716826 -0.00129638141272    -1.59153094936 1.59820105907 -0.376640995516   1.06172901937  -9.85935241941 0.749627444899 0.127622618319  1.67851223058 1776669973.19
 0.193948103653 0.0127202530086  -1.54321524167 1.55540700586  -0.3469539912 0.904875982546 -9.91919583462  6.4794717667 1.82485966466 4.58497461609 1776669973.2
 0.303010366956 0.0429639175133  -1.48032659156 1.51163090679 -0.315834590385  0.727689431049  -9.97390143892  11.185207256 2.83844910263 5.77258378077 1776669973.21
 0.466163088803 0.0817997401056  -1.40272756252 1.48042015574 -0.283525395353  0.527306073748  -10.0196561855 9.60362867924  2.0523806176 4.38301507479 1776669973.22
0.666902897184 0.120730978369 -1.31424911201 1.4787109832 -0.249872760719  0.302601697268  -10.0534108243 6.43604060085 1.08713520743 2.79271154437 1776669973.25
0.880884743025 0.151851894769 -1.22277252133 1.51465823451 -0.214426167108 0.0553468858037   -10.072926223  7.96411562911 0.933611697923  3.37967060044 1776669973.29
 1.07926000409 0.169070484808 -1.13926029266 1.5783855675 -0.176699912967 -0.209220764204  -10.0768346585  14.3193891559 0.694098305321  5.97172884901 1776669973.3
 1.23309433529   0.1689244164 -1.07588775131 1.64517219512 -0.136501757933 -0.482590722324  -10.0647623786   9.21836776156 -0.701190537211   3.69000725056 1776669973.31
 1.31814875587 0.150899531281 -1.04363585578 1.68803513311 -0.0942173065244   -0.75392960109   -10.0374970229  2.39694810254 -1.43877124543 0.725257303148 1776669973.33
 1.31918333909 0.117249378843 -1.04983934473 1.69001619777 -0.0509551893824   -1.01159259685   -9.99713173851  -1.40699887301  -1.29667678346 -0.868389553266 1776669973.35
  1.23296339643 0.0723935139791  -1.09621164503 1.65139926381 -0.0084982908779   -1.24487365585   -9.94709442675 -4.77803416157   -1.820870532 -2.44668111916 1776669973.39
 1.06932644061 0.022030916966 -1.17778320937 1.5909486749 0.0309425172304  -1.44562962076  -9.89198161732  -13.924905936  -3.6453988317 -6.79218601403 1776669973.4
  0.849993158857 -0.0278642014444   -1.28301399066 1.53928219767 0.0651270598565  -1.60946058842  -9.83715817849 -17.7154482391 -3.58917647896 -8.29592482517 1776669973.42
  0.605231387637 -0.0719954393333   -1.39511317016 1.52244183252 0.092256307806 -1.73624268316  -9.7881449358 -13.8814435739 -2.26911916923 -6.09869727083 1776669973.43
 0.368927115317 -0.106501280884  -1.49436637279 1.54291302262 0.111416321204 -1.82995368978 -9.74987913671   -7.2202239447 -0.959088217882  -2.77218203493 1776669973.45
 0.172977203692 -0.129413311428  -1.56107579021 1.57595258208 0.122897657365 -1.89786971194 -9.72597807137  -6.16072872293 -0.645854424067  -1.58773885343 1776669973.49
0.0420957962546 -0.140764346641  -1.57859712002 1.58541966832 0.128308165776 -1.94931601758 -9.71814795346  -6.55873837359 -0.463848967421   0.90151919269 1776669973.5
-0.00994266542772   -0.142349822626    -1.53593287959 1.54254728913 0.130427323801 -1.99421459455 -9.72585242885 -0.953797202634  0.141665733289   5.92520669781 1776669973.52
0.0180827244299 -0.137197729524  -1.42942241746 1.43610537546 0.132793968519   -2.041682422 -9.74629592815  3.66384699959 0.394138043547  7.95933833942 1776669973.53
 0.115582606463 -0.128846451692  -1.26324187769 1.27504540648 0.139073376057  -2.0989032818 -9.77470692617  4.06108664217 0.275946152082  6.31537135434 1776669973.55
 0.262932814515 -0.120560448385  -1.04865751848 1.08781941412 0.152305842211 -2.17043247067 -9.80485020315   5.9648851785 0.265140256344  8.59531908157 1776669973.59
 0.435522740391 -0.114625053193 -0.802212460389 0.919980321431 0.174183615868  -2.2580108451 -9.82967473132  12.5209026248 0.315984300497  18.3344195575 1776669973.6
 0.608107348526 -0.111849436332 -0.543216743421 0.823036617698 0.204520841231 -2.36087435552 -9.84201902427  12.0806858464 0.121736498572  19.1178811394 1776669973.62
 0.758552535021 -0.111369897266 -0.291012575157 0.820057023202 0.241060746064 -2.47645778533  -9.8353347774   7.74816198165 0.0313577655955   14.2038801086 1776669973.63
  0.870345333762  -0.110788126916 -0.0624837759087 0.879590377004 0.279703967453 -2.60131683832 -9.80442602237   3.03524232306 0.0825028545978   7.29571643439 1776669973.65
 0.933631496077 -0.106610964526  0.129819212732 0.948623579834 0.315152242784 -2.73204358968 -9.74620802006  1.40067187658 0.298536644276  6.40935088813 1776669973.69
  0.944912180448 -0.0948950854716   0.278727533479 0.989723771527 0.341863887305 -2.86594181834 -9.66045387416 -0.990002138121   1.23178295456   8.98743599905 1776669973.7
 0.905781973897 -0.071959961874  0.382642705281 0.985918181319 0.355137420386  -3.0012742049 -9.55042597255 -4.59395394739  2.22284676832   6.1732862656 1776669973.72
   0.82118780762 -0.0350293738312   0.444986486061 0.934660069325 0.352100096263 -3.13699612656 -9.42321611671 -6.12558996312  2.62717517924  2.66316574196 1776669973.73
 0.697656990855 0.0173017733907  0.473127267294 0.843133464706 0.332391276749 -3.27203596596 -9.28958792046 -4.89840437753  2.10149985255 0.561755709459 1776669973.75
0.541838996689 0.084816077817  0.47702258953 0.726865748478 0.298394371677 -3.40433392101 -9.16316482263  -6.46589263158   2.83663249519 -0.102247287924 1776669973.79
0.359584996074  0.16561633114  0.46778122359 0.612820864271 0.254968997819 -3.52996141638 -9.05894260511  -13.4968586026   5.99038174854 -0.724955902983 1776669973.8
0.155681120939 0.256206559044 0.456280916245 0.545958502858 0.208741081979 -3.64266609224  -8.9912906136  -13.2301676156   5.78707426219 -0.493542229779 1776669973.82
-0.0657463655669   0.351662664594   0.451914532047 0.57638178192 0.167095504553 -3.73410089577 -8.97177499417 -13.427319157 5.58608987025 0.15383998192 1776669973.83
-0.300244806153  0.445882783547  0.461504567784 0.708480674663 0.137063700025 -3.79481415515 -9.00722437149 -8.91612093812   3.3774029594 0.684098438304 1776669973.85
-0.541693264342  0.531950087296  0.488432041447 0.902755973184 0.124301079237 -3.81585036112 -9.09842935073 -9.08714309055  2.96345420241  1.33367540416 1776669973.89
-0.780974864365  0.602656094701  0.532058959664 1.12080455201 0.132313732903 -3.79060866238 -9.23973406174 -15.7291272222  4.04744902606   3.3643334037 1776669973.9
-1.00513636986   0.6512041514 0.587558782466 1.3340132277 0.162036530948 -3.71649362856 -9.41958931485 -14.559252162 2.42548772844 3.99237158574 1776669973.92
-1.19750452517 0.672047542117 0.646277819527 1.51767585692 0.211801783836 -3.59590874025 -9.62195271921 -10.3310058961 0.325975205349   3.3768195253 1776669973.93
-1.33907412339 0.661740920896 0.696710547327 1.64815840897 0.277679867276 -3.43628465376 -9.82828756812  -3.59959389566 -0.883010386463   1.34428312751 1776669973.95
-1.41118424102 0.619630126724 0.726077387212 1.70369329055 0.354124761643 -3.24906106369 -10.0198488483 -1.07269231069 -2.02825926627 0.458173156164 1776669973.99
