0.0469208901229085   -1.3504065241173 -0.278037168638427 1.37953036119289  -3.58917431857775 -0.278159275987814  -9.20346847352276 1776669963.7518
0.0818747281776853  -1.17831684899617 -0.319356323107179 1.22356958480136  -4.40772165171093 -0.668703128709925  -8.23728235178933 1776669963.76442
 0.140375928416047  -1.19909904649968 -0.376206113919493 1.26454535891185  -4.25094163205209 -0.230081033105693  -8.41769922836391 1776669963.77851
 0.174944344895114  -1.15449414129306 -0.349765081825276 1.21893308206604   -4.74447860795445 -0.0965584744986388   -8.49795275316514 1776669963.79151
 0.161707342179831  -1.19605827935816 -0.323555969727564 1.24955717663595  -4.88723769099097 -0.339670382725061  -8.51191199279661 1776669963.8097
 0.158210155684718 -0.990266500940697 -0.263584584222335 1.03688718252603  -4.86229032050378 -0.517770288547091   -8.5615740303006 1776669963.84745
 0.147593613347241 -0.754527472152611 -0.223867073655128 0.800757171432648  -4.93113345911071 -0.294391378686453  -8.51624088371968 1776669963.86307
-0.00429920296372597   -0.546644081605072   -0.206506646688907 0.584365664825264  -5.09439674978324 -0.485190555450146  -7.90408391184264 1776669963.87745
-0.0992920278901861   -0.44085440515373  -0.183141382542204 0.487598481689047  -5.22300649393077 -0.744220555836929  -7.62067382778227 1776669963.89174
-0.107517274163379 -0.393692727715051 -0.162598841011249 0.439308901796266  -5.27209363453604 -0.800081993707087  -7.35923669677491 1776669963.90849
 0.297929325053313 -0.537085455202143 -0.113412579431115 0.624567916314659 -5.40464263519958 -1.08701576462708 -7.55554432369767 1776669963.94768
 0.362365709831045 -0.520496710383019 -0.142702548103162 0.65006903511553  -5.4004664038352 -1.07107394609943 -7.54622766210295 1776669963.96319
 0.310701027928626 -0.442743317540991 -0.179413343076733 0.569864827531123  -5.44480373655537 -0.624713055107226  -7.84478501630201 1776669963.97768
 0.117129035681237 -0.314928772750714 -0.155198033045671 0.370115890454777  -5.71180014405474 -0.465707435663444  -7.97969710754402 1776669963.99282
-0.0283513066553003  -0.217264345709473 -0.0643651185550652 0.22836475426877  -5.65366858888601 -0.642387688805026  -7.35185150093026 1776669964.0098
0.0886758078296535 -0.350256035087278 0.0190068096962287 0.361806506055558 -5.67373162556676 -0.78026592851878 -7.25348364118907 1776669964.04674
 0.131138550431242 -0.420144885778427 0.0306447128229445 0.44120079655297  -5.79005131062265 -0.845847769085365  -7.37588133707928 1776669964.06241
 0.0837826107699569  -0.398429899422911 -0.0127860804382698 0.407344319310525  -5.86575393199572 -0.971457947432298  -7.61207515649602 1776669964.0806
-0.0144841254264259  -0.330279284288889 -0.0455489359084775 0.333719794261808 -5.81258790774506 -1.01299637603704 -7.65642098958537 1776669964.09322
-0.0831654006538584  -0.186230011304678 -0.0573330060487508 0.211861215325135  -6.10302819811875 -0.991345875602189  -7.54089292756443 1776669964.10957
  0.0871719328952697   -0.066999087005723 0.000735850828195322 0.109947101011074 -6.15973044791472 -1.10748889759375 -7.63169141343648 1776669964.14736
  0.117840587588904 -0.0497519448883651  0.0143686791146587 0.128717205699056 -6.03999835728246 -1.16281080892792 -7.53256565433751 1776669964.16331
  0.0640338982567715 -0.00771303206685202  -0.0145444649536589 0.0661163553926793 -5.96457309684035 -1.11875340539129 -7.41394987959597 1776669964.17791
 0.0837929933408409   0.120938688447388 -0.0579687143620048 0.158138559311688  -6.0156358675696 -1.18632923828458 -7.53096038296747 1776669964.19384
  0.134295816170155  0.0120124315044964 -0.0530277931219491 0.144884821823552 -6.08579505705653  -1.0534944056159 -7.55060902574181 1776669964.2101
-0.0617874250914109  0.0437985604563625 -0.0545157789223325 0.0933165041618308  -6.02858970338006 -0.938781889284493  -7.19003353913534 1776669964.24794
0.000865441233181872   0.0879636933496251  -0.0565699697299066 0.104587388395913  -6.10816923413405 -0.880046400676206  -7.20784698222324 1776669964.26337
  0.127981753813026   0.044493257053682 -0.0306957817510625 0.13892879560988  -6.12866884897179 -0.966110659918572  -7.33097987426468 1776669964.27817
  0.192373633036782 -0.0373115526274197 -0.0256131915670769 0.197625408866094 -6.05538548137524   -1.127673832842 -7.86189777123094 1776669964.2937
 0.0779713368637271 -0.0428569702716239 -0.0218969374905207 0.0916281896833253 -6.01143249496129 -1.06796356932172 -7.61491396203512 1776669964.31007
 -0.056851480574011  0.0617591510790309 -0.0453170030255058 0.0953934712057037 -6.02914661231514 -1.06949712050845 -7.30098933250489 1776669964.34774
 0.0193409773875937   0.155492166474924 -0.0700216830077872 0.171624366954742 -6.02353549342071 -1.29011147766371 -7.51883667305644 1776669964.36368
 0.0910232788205065   0.116314603680368 -0.0866457280504284 0.171236113322937 -6.11814665763396 -1.31187140682352 -7.42944458087472 1776669964.37867
  0.133117582520286   0.101933377908108 -0.0781125432019546 0.184965601432481  -6.02960279992621 -0.945040179044926   -7.3373015837514 1776669964.39391
 0.0797291156025028  0.0857340861888278 -0.0558255226965673 0.129705645188386 -6.11172741554703 -0.91735329596611 -7.55612980297781 1776669964.41013
-0.130464516134661  0.132270004806216 0.0144454534464954 0.186346492499758 -6.02653421095108 -1.18426249572328 -7.73117745154122 1776669964.44898
  -0.10755829498194   0.115116391999721 0.00786198636100238 0.157741501691837 -5.97007623410432 -1.29570685560052 -7.73596222336563 1776669964.4655
  -0.0710946619510651     0.186734215409126 -0.000533394545167333 0.199810917299678 -5.82339473961855 -1.31089132409514 -7.57711394945894 1776669964.48007
-0.0331739099564063   0.191794794699874 -0.0180566689528397 0.195478374429078 -5.93856684694869 -1.22633576164444  -7.9815539261035 1776669964.49686
-0.00287690907225935    0.244671945925543  -0.0218650421899395 0.245663830872128 -5.91446617987303 -1.12108126201608 -8.01388733921028 1776669964.51011
 -0.10672384140806  0.364120594192878 0.0527665693677698 0.38309019340504   -5.9014067879068 -0.916531465776259  -8.05373818933479 1776669964.54848
 -0.20930585350078  0.404855368823177 0.0828683529569789 0.463232095062986  -5.74640016398798 -0.931998438990483  -7.90027088933625 1776669964.56587
-0.277537689934448   0.49192663835823 0.0912817761028578 0.572146265835119  -5.59061268237949 -0.849189451493395  -8.18084929095185 1776669964.57979
-0.324092071477118   0.59363955873035  0.131790023495719 0.68906618461284   -5.6439543426306 -0.860510391431976  -7.81938361562141 1776669964.59432
-0.356389374185828  0.597032714271218  0.171245166292388 0.716091024186961  -5.55770556638157 -0.785358927499457  -7.81348917135452 1776669964.61
-0.303005089771921  0.835440384049958    0.3713427649805 0.963155319163319  -5.33403718808927 -0.652878148589675  -8.01594962461978 1776669964.64796
-0.40542129188565 0.976483692059364 0.391756350226523 1.12754594705268  -4.99831838986905 -0.785699537513767  -7.92117774539568 1776669964.66567
-0.471454451445403   1.10817265605857  0.416356801986694 1.27423267968773  -4.92014104290978 -0.570393789287523  -8.15089898471321 1776669964.67969
-0.518117338398241   1.31856651008786  0.478579526971777 1.49536001735726  -4.63582369408782 -0.820126335707445  -9.07781389424244 1776669964.69363
-0.39254500491628  1.68716713895954 0.530405985622027 1.81161669379957   -4.6539025127364 -0.955225659399513  -8.61223240009885 1776669964.71068
0.071203450321714  1.57589115020685 0.341001168923932 1.61393452340715 -4.37099959198293 -0.47661369699826 -7.45782404877811 1776669964.7516
-0.243333760903149   1.55105845200517  0.378144069358171 1.61492618342843 -3.71413068353088  0.78498868967467 -9.57838540370773 1776669964.76812
-0.62228505262878  1.73966953278046 0.538077382578188 1.9243741942907 -3.32878560708678  0.57542568371928 -10.4505546177513 1776669964.78174
-0.899356631262665   2.04295533203261  0.697248874300383 2.33851765689074  -3.5603154097559 0.475587771826534 -10.6412680556343 1776669964.79571
-1.11760864768618  2.17617409333873 0.803451424770468 2.57494018685237 -3.54753705525437 0.348188959400143 -10.2531339663423 1776669964.81009
-0.651211819179937   1.58296557594364  0.761828321571029 1.87356324676002  -2.22573031716852 -0.159453857575629  -9.75599064144188 1776669964.85728
-0.381070961409121   1.61718979808247  0.634190618276477 1.77840255874793   -1.79048391966923 0.00995670553129767    -9.8785103810825 1776669964.87144
-0.232130114239855   1.60811841487885  0.542403396018423 1.71293043356167 -1.71093132624182 0.410145480913506 -9.80610799885486 1776669964.8835
-0.185503576364282   1.49084896692706   0.47643181652152 1.57608042143331 -1.71249863856562 0.722568610556429 -9.51977526929549 1776669964.89565
-0.192273568433791   1.34863548062636  0.415014706845992 1.4240870730475 -1.51271735796303 0.762698258764431 -9.44455710660677 1776669964.91013
0.221697686872449 0.991993862177271 0.293501109004287 1.05799082602295 -0.971560726189965  0.637995055611559  -10.3933675794226 1776669964.95764
 0.41561367996372  1.02980547909256 0.236918486390303 1.1355018383673 -0.88074090926376 0.672453005334277 -10.3377523189765 1776669964.97327
0.421684920098574 0.987854367794688 0.195219615178635 1.09168911415296 -0.928303164751713  0.999526152504393  -9.38631830740995 1776669964.98416
0.327461978914842 0.802295836720354   0.1915413447808 0.887467207289416 -0.746177542072179   1.05978677994033  -9.29555001709901 1776669964.99595
0.202895795226822 0.613747957182209 0.193212929274232 0.674673620875152 -0.641473207346304  0.916583255180158  -9.69292504860612 1776669965.0101
0.0111589095770407  0.532374493902062  0.105966964286158 0.542932887694648 -0.272204702212066  0.465362651483084   -10.526075807687 1776669965.05764
-0.0140292019078239    0.53532076343714   0.060711450694763 0.538935078203818 -0.230192959626505  0.682847653986159  -9.78303433172471 1776669965.07279
-0.0670068951567653   0.490480874473226  0.0487204953694953 0.497428486208439 -0.244761062739093   1.03837072104616  -9.63232534411968 1776669965.08434
-0.110541530434435  0.465165030217057 0.0664294962733211 0.482711936109674 -0.364978930105084  0.976825013972674  -10.0006291475408 1776669965.09593
-0.148858964443207  0.416760609335227 0.0827313983759488 0.450214261286572 -0.332784547382955  0.937050936880615  -10.0858391656883 1776669965.1101
 -0.38052995663226  0.461094711408563 0.0368320544874671 0.598972437614005 0.275279791355115 0.849544197997097 -9.63292012298405 1776669965.15766
-0.392595667516954  0.434512110098837 0.0653539648808338 0.589239571567688 0.149570675343293 0.754256244479092 -9.92056495410644 1776669965.17382
-0.338983938422506   0.42073452967981 0.0837799646418937 0.546760219336339  0.17510936118719 0.749256912513357 -9.68211302681221 1776669965.18576
-0.242908628387847   0.38468775191301 0.0993392827058122 0.465679676715289 -0.0126274690157076    0.60246955397677   -10.0544432091075 1776669965.19716
-0.0878284748701345   0.376595512635847  0.0898079869401961 0.396993067513427 0.109311057884195 0.614407937810517 -9.94478374768905 1776669965.2106
 0.033152031285009  0.180493153886376 0.0321324559657578 0.186304402805099 0.571639048889331  1.04630257225979 -9.67484048742158 1776669965.25785
-0.104262472631151  0.227678418868382 0.0801202674154219 0.262920868073051 0.649763810022935  1.30550351277848  -9.8763546129298 1776669965.27432
-0.169329815764554  0.236288794536718  0.127762485527771 0.31753461801622 0.604689962784623  1.02975152364258 -9.93656024941555 1776669965.28677
-0.126570139882282  0.258784750810696  0.119747941029146 0.311976148034901  0.55155527054432 0.812337636867763 -10.0031103727664 1776669965.29745
-0.0407169794220036    0.24945289604293  0.0928721742350188 0.269276550231535 0.620203874258379 0.822534056851344 -9.84632478862902 1776669965.31006
   0.178144427789646    0.175291768229841 -0.00810857518913902 0.250056773859943 0.768429450257774 0.966781384845502 -9.92504153789712 1776669965.35867
  0.0824551066353656    0.227816430572155 -0.00297071689366688 0.242297329345062 0.864422912311627  1.25612952717661 -10.0383767178404 1776669965.37539
-0.00840797125299189    0.292338988713852   0.0059220448834067 0.292519826539039  0.75521120882547  1.15503448835301 -9.92506452686104 1776669965.38627
-0.0570358799697949   0.341951623665516   0.017178017962619 0.347100977861681 0.688030945913543  0.98478855585011 -10.0030466462197 1776669965.39777
-0.107895451691517  0.353376844846345 0.0149938760927202 0.369785666690257 0.669634182006797 0.865695484512353 -9.87726687421507 1776669965.41006
-0.0348046573499839   0.225618373354276 -0.0538508795201778 0.23455262052123 0.797563639240323  0.93327892112586 -9.67296115935548 1776669965.45758
 0.0226243617576128   0.217651860766266 -0.0240936497446323 0.220146992252846 0.952872433691851 0.930605340766379 -9.69924950490206 1776669965.47408
 0.0314638441169177   0.222378551299558 -0.0331993506294264 0.227033897131947  1.01746214473639 0.909008061165409 -9.85426329033536 1776669965.48614
-0.0038395130136882   0.224979852584532 -0.0287399799684568 0.226840610071758  0.99816229130669   0.8910315686725 -9.92607845716458 1776669965.49738
-0.0429676064532103   0.227862976684211 -0.0237974848040915 0.233096700171213 0.976771507830417 0.871107517954738 -10.0056740193564 1776669965.50984
 -0.227130660386433   0.252404273716695 -0.0160532827245538 0.339932290558376   1.0131922235324 0.869583751688163 -10.0343304356738 1776669965.55583
 -0.195293019747583   0.214807139689133 -0.0162567230292546 0.290767522029553  1.01029003317586 0.929928825495605 -10.0378112804269 1776669965.57358
 -0.153539811117022   0.151422754414049 -0.0187719770275093 0.216461800957374  1.02863461710013 0.947968662520731 -10.0406831230148 1776669965.58595
 -0.110267654602632   0.110356763005257 -0.0204015802592039 0.157333388921858  1.04706036983314 0.968494985548139 -10.0372137484719 1776669965.59722
-0.0462977397471653   0.110356763005257 -0.0204015802592039 0.121401484026215  1.07285425751595  1.00335156538018 -10.0161937489547 1776669965.61008
  -0.128743670009913    0.187959056866217 -0.00878618349241302 0.227992843409659  1.24980198349967  1.05282238260303 -9.78783480702127 1776669965.64385
 -0.225348639551385   0.220925669277334 -0.0382273084643747 0.317885966670013  1.18120169268793  1.13295640233339 -9.55448576168775 1776669965.67347
-0.189413657989591  0.180336748570009  -0.02804956334479 0.263031661063138  1.59085419606437  1.03945988066521 -9.13442917007649 1776669965.68581
 -0.141256331570164   0.151714938750493 -0.0344099636733475 0.210130481959964  1.61857260425652  1.09206144216592 -9.12867223837637 1776669965.69647
-0.0773663897093061   0.121759538087501   -0.04156283127235 0.150127986449255  1.65816274845469  1.15723910619811 -9.13026360804793 1776669965.71005
 0.0317441454557409   0.170400845039827 -0.0199633473592672 0.174478290909755  1.72911686743197  1.17264254011453 -9.42439414389715 1776669965.73308
-0.0166088016339447   0.111290755326193  0.0411109117822657 0.119798128450989  1.33083458675077  1.35420304963554 -9.54362506986536 1776669965.77323
-0.044287373850927 0.0292227660233637 0.0641990998972744 0.0832878500400163  1.16197206721885  1.11942281581597 -9.69772130431472 1776669965.78621
 0.0705656304113728  -0.107700029380976 0.00561797188344762 0.128881209383295 1.29580268273713 1.12937215874624 -10.124085413584 1776669965.79822
  0.0377434474945201   -0.127932031657579 -0.00962588885498899 0.133730438902503  1.43849651802149     1.27745534313 -10.1549527316356 1776669965.81026
-0.0881273387152641 -0.0747069210471752  0.0339153491994096 0.120406822035554  1.77707993679132  1.34705166575053 -9.82075059041475 1776669965.828
 -0.116620250889681 -0.0932766220746137    0.02509649416363 0.151428680118819  1.40580654790723   1.0484403052223 -9.69264216079189 1776669965.87406
 -0.100816683578063 -0.0521487324895618  0.0264700502157211 0.116551094144885 1.70333812348095 1.21509557376753 -8.9657569088442 1776669965.8876
-0.0610806287825495 -0.0620076791856519  0.0186368523222573 0.0890119528768129   1.6219030474532  1.29667136406892 -9.01029557455007 1776669965.89769
-0.0189046595448291 -0.0657222208752546  0.0113801315064153 0.0693275115836776  1.56056838587807  1.33005783865421 -9.06410676371239 1776669965.91004
  0.0345861776850195  -0.0624725758944146 -0.00965984999140036 0.0720578873378861  1.43881646732255  1.31545811734039 -9.26058879316005 1776669965.92449
  0.28044256567955 -0.135210993825631 0.0140240709167948 0.311651600447235    1.341247791831   1.0913802945605 -9.65551249766001 1776669965.9716
 0.508633510993239 -0.154374058250646 0.0537338311044268 0.534253425792705  1.49715503211926  0.89622970317787 -9.17354359212547 1776669965.98587
 0.719213833480665 -0.213452296806805  0.087532270857676 0.75530941985623  1.40807848347255  0.79967099447209 -9.22156629967701 1776669965.99604
 0.975411206861581 -0.287513333972041  0.113194808766756 1.02318327019876  1.33739583982211 0.719223995346278 -9.33263196286911 1776669966.00753
  1.23074079020606 -0.394826429427465  0.118609527513716 1.2979518566066  1.33680622059043 0.656058723460099 -9.33821924052296 1776669966.02199
  1.21285289670314 -0.370535736167511 0.0947240820976952 1.27172384287928  1.12001750063316 0.437578792216158 -9.83913768783022 1776669966.07143
  1.31752144346706 -0.363249884704266  0.126439671963453 1.37251601935256   0.992335550122735 -0.0320193260664706    -10.139987978654 1776669966.08614
  1.37668032329129 -0.362487075001773  0.144453516694738 1.43091313872164   1.04948878991355 -0.105547608291082  -10.0469350319807 1776669966.0983
  1.39997739423336 -0.348513691333403  0.166681543634598 1.45230204654531  1.04428751442631 -0.14896019745029 -9.88440426035012 1776669966.11045
 1.32888616864608  -0.3137146162839 0.148609946603862 1.37347742097154  0.858717175525247 -0.304670509228103  -10.2015065125635 1776669966.12755
  1.51275139188154 -0.250700518709027  0.140587998092622 1.53981573862856 0.938094377577265 -1.07754758796552 -10.1427797425141 1776669966.17064
  1.58333961733707 -0.212260732677123  0.121018252283486 1.60208126505851  1.05142710781458 -1.08796876470934 -9.91671685835415 1776669966.18613
  1.46885056702161 -0.182812888257115  0.128237595971902 1.48572790960299 0.609246704218125 -1.30702049451213 -10.1485470773612 1776669966.19791
  1.38322333405994 -0.191065453760007  0.139298559696757 1.40328788501932 0.556028188215677 -1.48155695235054 -10.0332797851148 1776669966.21009
  1.43169640499327 -0.257201305391179  0.168973288210859 1.46439717279649 0.597433365665196 -1.69347786079509 -9.55707978486213 1776669966.22618
  1.04451012999834 -0.209663759833397 0.0791092327891011 1.06827832261499 0.501374228492527 -2.05743355600488 -9.56520163474872 1776669966.26824
 0.774869351715281 -0.225075405720927 0.0168646593411692 0.807072405192244 0.624811809735098 -2.64541186006826 -9.59607296774446 1776669966.28374
 0.992714379108459 -0.166616141697721 0.0286634925378707 1.0070076330234 0.664689469003458 -3.11143712583303 -9.15669336870183 1776669966.29753
  1.56078489772831 -0.144012859713707 0.0581600095995806 1.56849347702065  0.57225580473086 -3.26184430097596 -9.07704737038855 1776669966.31011
  2.46019163268834 -0.156946742286037 0.0903080847809251 2.46684630644893  0.47813981644768  -3.4933514027214 -8.94941184216758 1776669966.32593
  1.66336614179477 -0.334282380729381 0.0783473240283448 1.69843161031515 -0.160976952764724  -2.39978033814277  -9.04136080950838 1776669966.36369
 0.362389609901479 -0.339060620641424 0.0181211295607118 0.496605184397878   0.1670788257215 -3.03673362639542 -9.19634173588228 1776669966.38221
 -0.313422834502878  -0.190715224458774 -0.0475946580152865 0.369961378389381 0.452785628028271 -3.77923876454926 -8.65525665535539 1776669966.39661
 -0.299802660528576  -0.091533310148808 -0.0641832253411266 0.319967917988663 0.389485092357517 -4.23861020136246 -8.65332276967834 1776669966.41006
  0.531172637878639 -0.0316656094001478  -0.041664808919917 0.53374435674016 0.392956833684835 -4.73204980118222 -8.73587010592376 1776669966.42668
    1.4937320957713 -0.0379930488127132 -0.0342034978093299 1.49460661210828 -0.115706307167731  -3.95461163790981  -8.57489335332567 1776669966.4585
  0.737200834557361 -0.0748177964990636 -0.0218824102105606 0.74131073985318 -0.197513415243488   -3.9160990062377   -8.4133861011909 1776669966.48133
  0.162108433994467 -0.0505650092299189 -0.0721081160972337 0.184487248712892 -0.0878071506571763   -4.16571077824245   -8.23498838833164 1776669966.49623
 -0.183160087507043 -0.0354899496249777  -0.149940835941835 0.239352059658795 0.0512088634058082  -4.35967015136187  -8.21466107368891 1776669966.50981
-0.385988542267703 0.0500564728055531 -0.205854093190016 0.440305249701572 0.286426216254145 -4.65320063855948 -7.96638949085976 1776669966.52706
 0.178969150665243 0.0883664423890247  -0.13755027918544 0.242401865368903 0.322752523012525  -4.8988872759945 -7.84136005704965 1776669966.55251
  1.10772833188263 0.0457442254396062 0.0148081182009131 1.10877133430712 -0.0194881265764574   -5.00371010552707   -8.03032857617225 1776669966.57886
  1.09192094463108  0.019209548957208 0.0590122862375574 1.09368313785216 0.0929970647692532  -4.78318264744374  -8.23583836425735 1776669966.59374
  0.657313487685492 0.00464638718274805  0.0549145648651388 0.659619753677409 0.258684020021738 -4.73834579236713 -8.04308639534839 1776669966.60996
 0.148802671234946 0.0167544967966789 0.0361343375086797 0.154041028550047 0.248321552303358  -4.6816167386627 -8.04321349651229 1776669966.62354
 -0.584927580017838  0.0694628793665831 -0.0709575648359257 0.593296166752209 0.363852393325742 -5.07461258664632 -8.53633213541079 1776669966.65151
 -0.049836524316465   0.124332633556102 -0.0854799687734952 0.158899678994199 0.442029269437842 -5.67665440755872 -8.06559423345726 1776669966.6788
   1.0060748404222 0.0391475090337819 0.0264569052180371 1.00718373687616 0.397039398534163 -5.46048622267386   -7.794286086323 1776669966.69549
    1.4956078110603 -0.0207544999463616  0.0958810083938927 1.49882175109091 0.274729762951014 -5.26912796271958 -7.86409578366191 1776669966.71006
   1.37039473973566 -0.0904397657895607   0.129133449878629 1.37943341332911 0.0383346046368836  -4.83759789303794  -8.26219958745227 1776669966.7241
-0.0524445109204398 -0.0727197458851809  0.0680509714511435 0.112558975131856 0.311605795393325  -4.6710218330863 -8.23467895486439 1776669966.75152
  -1.4627682045854 0.0137427185380246  -0.11667587231286 1.46747842976951 0.460243274465284 -5.21273454007651 -8.66859196863762 1776669966.78147
 -1.31577413021257 0.0555137615951003 -0.121389207347829 1.32252738312808 0.385898178249561 -5.44900071013511 -8.63320579377704 1776669966.79581
 -0.560188402024265  0.0593676575704959 -0.0578616971238058 0.566289272829669  0.30725233960665 -5.31663988150442 -8.55201986949007 1776669966.80985
   0.151135669650202   0.0411990012999637 -0.00247246964571374 0.156669912411025  0.26201120928797 -5.19787239953736 -8.41480023244424 1776669966.82442
   0.389915343774912 -0.00772189827658193    0.058451596386451 0.394347806059862 0.0205951742578922  -4.54119703104642  -8.14231434823005 1776669966.85557
 -0.774987852833016 -0.0547964190819154  0.0161453494685913 0.777090401364212 -0.00385955544736674    -4.23250055571661    -8.32641449924258 1776669966.88221
  -1.41459812049085  -0.123922488116111 -0.0642622029464419 1.42146904865518 0.226926943859601 -4.44525216418448 -9.16469216215438 1776669966.89743
 -1.86585049430998 -0.136940589212044 -0.128855598784876 1.87530119112337 0.288896845997405 -4.41223628897641 -9.22186086619087 1776669966.91008
  -2.14389462128097 -0.0890598955826308  -0.162456091211355 2.15188470735083 0.331290572050975 -4.34320261451971 -9.30145442186569 1776669966.92586
-2.09752208817314 0.103471378549663 -0.18443039831586 2.10815554653259 0.167826955351243 -3.90168512522028 -9.30883684722864 1776669966.95424
 -2.15801145422456 0.0464485028395024 -0.239702988514464 2.1717800124974 -0.18362541775002 -3.11703026487005 -8.60249460473782 1776669966.98265
 -2.29685072252083 -0.109956875987829 -0.245600896623868 2.31255995739438 -0.0645054753529466   -2.70714199417881   -9.20147077534073 1776669966.99751
 -2.36495653788026 -0.221267354667892 -0.214566816948078 2.38495651684461 0.100779821391669 -2.50643392451565 -9.29743686303703 1776669967.01049
 -2.37500607449217 -0.282365796464976 -0.128447457829229 2.39517912614292 0.239705080337068 -2.21276902747078 -9.53595585634314 1776669967.02566
 -2.17631029676325 -0.177517867354238 0.0146918351241831 2.18358763301294 0.549765177628983 -1.94007244571126 -9.82327968227632 1776669967.04964
-2.08317315184123 -0.10731299449734 0.111608671262798 2.08891908767218  0.040786527390426 -0.728948152413113  -9.84281722267512 1776669967.08532
 -2.29772310198468 -0.157673600258798  0.122646608880693 2.30638995147885 0.0518933098425727 -0.587329671446548  -9.87872331390407 1776669967.09828
 -2.55886731612478 -0.197712751809001  0.129152674077053 2.56974175492028 0.0575055266372384 -0.492681838338711  -9.97239892508284 1776669967.11013
    -2.79209121148 -0.228441761799616  0.138137400610765 2.80482457797372 0.0675041505728805 -0.396511745161826    -10.06993916409 1776669967.12257
 -2.75986282646047 -0.227959546929182  0.170718472713648 2.77451854793587    0.1038082318089 -0.219283129003493  -10.1007487694875 1776669967.1425
 -1.58200351953845 -0.246272351693272  0.221699271744256 1.61633405400385 -0.250841194439909  0.660786185916395  -9.61448559702826 1776669967.18642
 -1.46213102342247 -0.298391956723352  0.231584605354957 1.51013122573141 0.0214838873700807   1.34033715323641  -9.50207830098169 1776669967.19944
 -1.56529375091255 -0.350606527041219  0.241594208180147 1.62217052891364 0.113938752055713  1.61920171195039 -9.45444973141754 1776669967.21019
 -1.76348667276771 -0.378527411302536  0.253250104740361 1.82134671649517 0.157010806590064  1.87366276943124 -9.47062391910675 1776669967.22153
 -2.26667628125084 -0.325337919012502  0.276431358881297 2.30652995248392 0.113212496664079  2.20762855453185  -9.6447850127081 1776669967.23968
 -1.90882073649753 -0.244076259512684  0.540279022827558 1.99876743195605 -0.399767271534114   3.01409080410519  -9.23891673881139 1776669967.28856
 -1.77863410240704 -0.281516303519949  0.570975464578383 1.88912775654357 -0.288693495606271    3.0995665238038  -9.16438197572856 1776669967.29983
 -1.73020835545635 -0.308853434241435  0.581910299385926 1.85138623567993 -0.181145316255446   3.26698575998531  -9.06999408628776 1776669967.3101
-1.76282797631295  -0.3111109292452 0.563024264375491 1.87652572767947 -0.0690131616866479    3.51077111686061    -8.9964867990099 1776669967.3214
 -1.85496415953726 -0.326933232632445  0.519689504927066 1.95393309847052  0.10127863202786  3.83418380188009 -8.73640581676415 1776669967.33587
 -1.50870762261319 -0.198958198794033  0.490150332040474 1.59875901980189 -0.203122268154715   4.54186299031234  -8.76693180864095 1776669967.38804
 -1.20847309251058 -0.252542450429687  0.479535333836711 1.32443914204806 -0.243044718465181   4.77213641274992  -8.64730929245032 1776669967.39967
 -1.07214735901144 -0.276744878676467  0.444181179243288 1.19305683322414 -0.358181919495382   5.05259968749368  -8.73814119066421 1776669967.41045
-1.12893724260107 -0.26002962850036 0.389008895410824 1.22206490258844 -0.415613940891556   5.23711510951863  -8.86309811366262 1776669967.42125
 -1.30685686224556 -0.236000838550898  0.333706312397041 1.3692812556698 -0.32763055110177  5.39635358335604 -8.82347508791577 1776669967.43398
-1.41477019484399 0.020749448775446 0.345639078989207 1.4565272454602 -0.00935638320434306     5.65281412158372     -7.7983939704163 1776669967.48451
-1.10024514890083 0.021976196288993 0.318652833131302 1.14567096888494 -0.12316496746219  5.66502306396363 -7.99663991962989 1776669967.49967
 -0.86036194646066 0.0204307520028877  0.257342432062438 0.898256768349 -0.158395020823791   5.72182404955599  -8.01692427534396 1776669967.51024
-0.631803537815242 0.0226497659239117  0.186888734734913 0.659254216113239 -0.173004604142472   5.79223015879222  -7.98654832614004 1776669967.52014
-0.410880687560107 0.0118517286220792  0.107512828729848 0.424879290178624 -0.276536080447119   5.92023306755751  -8.14986656041153 1776669967.53383
  -0.560888393867822   0.0232641800578439 -0.00631063539906724 0.561406124448718 -0.00584643574321517      7.1305754299626    -7.83124272450938 1776669967.58361
-0.798637932673967 0.0481388827540309 0.0406908115927525 0.801121489966803 -0.0729555535999977    6.87656145712178   -7.99335568131066 1776669967.59985
  -0.8345741632715 0.0706698535462542  0.072621487003189 0.840703361819808 -0.0400762658661943    6.74746972818968   -7.74878706179217 1776669967.61046
-0.748656712953861  0.119053159941618 0.0819889749325239 0.762484570829765 -0.127736252023092   6.58870948128289  -7.85139570960894 1776669967.62267
-0.587715528653218  0.138791233320878 0.0683241598019233 0.607734102942645 -0.213528094376401   6.53698382574263  -7.88037423473436 1776669967.63371
-0.819563575977253 0.0599387908477063  -0.04105682345014 0.822777476884683 -0.0775361760696018    7.07832600331375   -7.51155346585788 1776669967.6817
-0.884232671873404 0.0753306403802324 -0.023895779213825 0.887757360798947 -0.0019999361537749    6.99730407448537   -7.30532965038597 1776669967.70086
 -0.841343794794189  0.0942492036797872 -0.0146554582337456 0.84673317868677 -0.00896205470064146     6.97957217656198    -7.22959877468174 1776669967.71007
  -0.699015675912178    0.130578867922256 -0.00548787880688906 0.711128590855842 -0.00419667686459024     7.04386237607943    -7.14429299736549 1776669967.72131
 -0.501496434415888   0.127123203947235 -0.0216045016914411 0.517808591283493 0.0632785360356514    7.1089314520838  -6.91674010309198 1776669967.73614
-0.218062000239388 0.0516604748395641  -0.13224011316515 0.260206241545017 -0.0768212016950462    7.43870465007223   -6.90810466682318 1776669967.78069
 -0.49923745089934 0.0193670645552777 -0.163897418398988 0.525809356447574 0.343705463155252  7.45909373806324 -6.51569559848511 1776669967.79768
-0.603137251319785 0.0214350081114603 -0.150980954701363 0.6221167512492   0.2341619015916    7.350455441009 -6.78934195471945 1776669967.81025
-0.587852425536035 0.0334346904262697 -0.121448358675275 0.601197186085745 0.204211796863864  7.22394296348102 -6.88626282427117 1776669967.82127
 -0.471558790308019  0.0441695987215726 -0.0842376392951302 0.481055741096605 0.258890950086855  7.06568915440806 -6.66053086698234 1776669967.83605
 0.0258891504852712 -0.0148073142597906 -0.0693142196836592 0.075458370766879 -0.0443739813302155    7.25388922358665   -6.54559118477998 1776669967.87874
-0.0969284038314083  -0.030975046274657 -0.0888039810235798 0.135058194888937 -0.0616688327603629     7.4383840749859   -7.08290504265334 1776669967.89767
 -0.186602755422243 -0.0446437314826828 -0.0837129644082636 0.209335882021909 0.0637872798722127   7.49733010852908  -6.84823677461231 1776669967.91013
  -0.24965687939636 -0.0193402048188563 -0.0625833613204876 0.258107105804034 0.200308073633241   7.4785846479981 -6.56211226075663 1776669967.92132
  -0.25590103125441   0.026741326032878 -0.0198473580452749 0.258058818753486 0.211158513722508  7.46220078663716 -6.51604370488567 1776669967.93631
 0.0361634699082134 0.00550893382780781  0.0481734688233848 0.0604882468434905 -0.0333381200145102    7.12933575809375   -6.66320836914856 1776669967.96938
  0.229309871792793 -0.0215861799324205  0.0131890480829444 0.23070095677096 0.255009238503297  7.30028945190337  -6.2318880524428 1776669967.99644
  0.216304129844608 -0.0329999070401144  0.0227000981275124 0.219981283084466 0.248106434229854  7.41364327850716 -6.21664545533335 1776669968.01004
  0.183638910710034 -0.0334124345955906  0.0384564322715564 0.190574230932278  0.15530747630381   7.4004832582093 -6.49054788861376 1776669968.02056
 0.175676477659264  0.013317956788617 0.0540639314903365 0.184289178911788 0.218082822875364   7.2050854372305 -6.44419259106987 1776669968.03555
   0.812342011945406 -0.00848826140218596  -0.0181349377065088 0.81258874648789 -0.21705617114449   6.5943209785901 -7.12807503747704 1776669968.06771
   1.23180208007415 -0.0390372235167425  -0.187914939048883 1.24666446713325 -0.0306663604185633    7.17599046164172   -7.24148818722646 1776669968.09715
    1.1555038502913 -0.0499443982179426  -0.223802628106658 1.178037014401 0.111148368820665  7.38675431709895 -6.97792208913254 1776669968.11049
  1.06113719437449 -0.019587467156775 -0.215481138901345 1.08297180728623 0.0731274363046961   7.41940479600508  -7.24641527524401 1776669968.12143
 0.933850003760167 0.0140826324925239 -0.188913521996373 0.952870646443607 0.0785007935852021   7.38557025507789  -7.29925833991617 1776669968.13395
 0.899513819259332 0.0987779222713736 -0.158000494869702 0.918611095810316 -0.0415984303008358    6.81732196843392   -7.29191287748143 1776669968.16187
  1.06319213092784 0.0631848672593849 -0.170751772339996 1.07866862496076 -0.265718386903975   6.37608060835734  -7.83051902454245 1776669968.19656
  1.09726096577682 0.0371420190760852 -0.173291593392906 1.11148150364241 -0.282833984873579    6.2132935027494   -7.9841991521612 1776669968.21038
  1.13000316013997 0.0283314157277346 -0.179318835431909 1.14449336205332 -0.317649012298562    5.9801465641726  -8.21499727147565 1776669968.21988
  1.24077267738993 0.0218929902264092 -0.181256502866745 1.25413319061809 -0.296610532573315    5.7776037391766   -8.2656246807191 1776669968.23016
    1.7099543736124 -0.0302354790451578   -0.17168422141163 1.71881750512118 -0.104197046641092   5.36924045785253  -7.71342426768701 1776669968.25047
   2.86799146086842 -0.0867171362042427  -0.249358532260024 2.8801171085455 0.00137158893571699    4.86421200812327   -8.50875747252542 1776669968.30168
   2.74881809195396 -0.0732973451861886  -0.264479842614179 2.76248493038677 0.0112417381458123   4.80664072805191  -8.58142894435563 1776669968.3101
   2.59064841884466 -0.0554830049041762  -0.284453493036941 2.60680865880034 0.0242028730339945   4.73015924119518  -8.67775641834046 1776669968.32125
    2.4228104228533 -0.0373302167531139  -0.249924768632874 2.43595284850623 0.0308287069535631   4.63637910602232  -8.78422289632346 1776669968.33161
    2.1775335734715 -0.0110888023376254  -0.178162530916907 2.18483805179138 0.0377868614876369   4.49450386369073  -8.94143704373494 1776669968.3462
  1.38548247095483 0.0641245410239575  0.146489002340388 1.3946801288795 -0.332888098120577   2.64544545734504  -9.33211525408917 1776669968.39741
  1.39468256734041 0.0318895584648891  0.124185120441298 1.4005635836053 -0.343902101026606   2.30800497331597  -9.31989183311864 1776669968.41005
   1.49837521003677 -0.0168138972143553  0.0842238027616643 1.50083464317156 -0.380559462643809   2.03955010464826  -9.39241367427933 1776669968.42194
   1.60359211509192 -0.0586681480101014  0.0528331161895079 1.60553447840344 -0.420335321467743    1.8431901689995  -9.48758632929846 1776669968.43126
   1.92537381249991   -0.14730612709411 -0.0083374093072952 1.93101862376671 -0.417283371303331   1.57657610262537  -9.66927861429962 1776669968.44554
  2.33116335200826 -0.106172748975952 -0.254588919072031 2.34742640866242 0.0294526840578452   1.01399349149243  -9.78049563236515 1776669968.49444
   2.17023799442237 -0.0261286033523462  -0.258369269345561 2.18571963794302 -0.121048565246052  0.591571459080106  -9.93442615774075 1776669968.51158
   2.20256546275613 -0.0212536458114001  -0.255900183235824 2.21748308651194 -0.183211125013958  0.401624208153251  -9.99607042883156 1776669968.52201
   2.32672892329441 -0.0454587942696004  -0.254107201380235 2.34100500944883 -0.229191210393883    0.2312881842564  -10.0246835558813 1776669968.53391
   2.46543363612236 -0.0568245414861475  -0.284974721836095 2.48249927184766     -0.310446595421 -0.0069289658441918   -10.1131103808184 1776669968.54988
  2.36440260122562 0.0341866963864144 -0.424502243718197 2.40245094555832 -0.326265048750895 -0.444749183182174  -9.94356679156615 1776669968.59395
 2.07044681539194 0.117991203281704 -0.39464291552955 2.11102225715319 -0.241506611219905  -1.24861172695092  -9.53975556448341 1776669968.61021
    1.805307858928  0.146124913915257 -0.386117546502629 1.85191136820615 -0.234951266789681  -1.34276684788389  -9.43962362969699 1776669968.62221
  1.52734325266091  0.172989828655903 -0.373538844548706 1.58184517594296 -0.235141736311294  -1.45649257181592  -9.33925773582401 1776669968.63591
  1.49037695085147  0.140288842590339 -0.321643793446138 1.53113002218854 -0.332591391760724  -1.67874436185924  -9.38949608443568 1776669968.65314
  1.46287440706534 0.0753630483480253 -0.265885175173656 1.48874982662642 -0.254926469970196  -2.46864533363066  -9.15071901045524 1776669968.69366
  1.26963619653729 0.0681353215766342 -0.290978699922562 1.30433396697804 -0.250318069265693  -2.61407333634263  -9.21149819808551 1776669968.71014
  0.99951902777025 0.0421986975476628 -0.282781771274396 1.03960788142193 -0.288028649614348  -2.81093809983108  -9.37148367679478 1776669968.72367
 0.601607317316159 0.0384615751313966 -0.231866049576696 0.645888939335732 -0.177022243803493  -3.07243604890296  -9.30999369421345 1776669968.7383
 0.214789224269819 0.0488276124954001 -0.135287230737433 0.25849793307691 -0.177390986259908  -3.43500256265808   -9.4151834591108 1776669968.75607
  0.536898718301251 -0.0295988643665175 -0.0903223597510103 0.545247150525617 -0.149624536962388  -4.17173444338169  -9.12395839990866 1776669968.79365
  0.662729678425232 -0.0434769235460357  -0.105187099431328 0.672432298029635 -0.0281248962135942   -3.92687167437582   -9.17386081130589 1776669968.81005
   0.62895431695338 -0.0353182219927253 -0.0776357354991463 0.634711128818074 0.0501076164851061  -3.84779794076317  -8.99133095539092 1776669968.82449
  0.536327453377309 -0.0140161643417328 -0.0325925341217494 0.537499640362225 0.0792844839454542  -3.77368338182697  -8.85882093341934 1776669968.83796
 0.366127364375871 0.0322240576041291 0.0297058302893125 0.368741200825828 -0.0313116543693594      -3.71792052253    -8.9343454381763 1776669968.85596
  0.184767965065242  0.0500646057918435 -0.0513122366939324 0.198188322819427 -0.192388599257744  -4.60028214914268  -9.34205135818226 1776669968.89358
  0.732362903553407  0.0106299794582173 -0.0217237923544149 0.732762132017422 -0.0871979840678697   -4.56138332718337   -8.95896821520369 1776669968.91016
   1.23741614905328 -0.0300011491362762 0.00849527299152036 1.23780893701352 -0.114050898194455  -4.42477389888282   -8.8317470048204 1776669968.92542
   1.3639551973833 -0.037625158112954 0.0151214072471503 1.36455783679149 -0.120635217473497  -4.23489638002215  -8.71729403134042 1776669968.93847
   1.13723086329044 -0.0700944142290862   0.036121807252539 1.13996142403401 -0.275287045538605  -3.99887574173142  -8.92328345104376 1776669968.95942
   0.230205329609987 -0.00884139592232408  -0.0300420258904413 0.232325606385306 0.00645110043251867   -4.37394599102113   -8.68525414013018 1776669968.99322
 0.169294982689035 0.0311310193485578 -0.049076510065959 0.178992836084619 -0.0111263014504505   -4.38623341195235    -8.6718874165998 1776669969.0102
   0.11304708033499  0.0680437053644458 -0.0666539802559351 0.147825374330484 -0.0273582231965894   -4.39758027972868   -8.65954386254147 1776669969.02587
 0.0631803108294877   0.100768772937582 -0.0822373463508371 0.144599717878992 -0.0417486887334406   -4.40763988402201   -8.64860064262847 1776669969.03977
 0.270425173996757 0.0870809845755453 -0.131920524312841 0.313234572390721 -0.204154577572604  -4.43308049605818  -8.62936967022577 1776669969.05924
-0.0560135506482197  0.0596331737992747  -0.101587142185251 0.130436117432871 -0.0450472504388924   -4.15242839647961   -8.32687863145216 1776669969.09193
 -0.383505273556553  0.0763842720772897 -0.0969846438381995 0.402885682305646 0.0621690456189089  -4.14790999011466  -8.43936044255285 1776669969.1099
 -0.659425109247811  0.0865873324464984 -0.0892047733570864 0.671041230056974 0.230762783991128 -4.16426962476167 -8.37441079371652 1776669969.12564
 -0.841721642139283   0.102745646666674 -0.0852916040377548 0.852247997048944 0.252338812949853 -4.13215915954289  -8.4504687456723 1776669969.13983
 -0.982920970420136   0.115470234129111 -0.0682985663666802 0.992034124024591 0.00508438390261644   -4.08225862499421   -8.95050992994002 1776669969.15569
 -0.983176624537152  0.0641322865928194 -0.0791933610728429 0.988443632008373 0.199445258530029 -3.81412723704189 -8.40243975422625 1776669969.19141
 -0.958784817934215 -0.0140953018819486 -0.0584572926192331 0.960668652396163 0.0760711054530238  -3.57409223143887  -8.90013986318628 1776669969.20997
  -1.01520276383956 -0.0493892796371741 -0.0258020612065923 1.01673088819661  0.06680723735293 -3.50896281495693 -9.16738459850783 1776669969.22398
  -1.07298868513126 -0.0792688639760672  0.0121018451463897 1.07598082040142 0.0702704957192227  -3.44615565546602  -9.36877531672542 1776669969.23733
  -1.12996745109558 -0.0686076432466507   0.038187962025404 1.13269226610362 0.244132793757289 -3.25266643823462 -9.12412171789952 1776669969.25311
  -1.37305447949362 -0.0329029430356724 0.00881770440636323 1.3734769598464 -0.0833333066038758   -2.59831670115942   -9.98689792297254 1776669969.29048
  -1.69501288635506 -0.0411169421238584  0.0115950093239488 1.6955511587919 -0.105532404450572  -2.21269756895382  -10.1300142677308 1776669969.31009
  -2.01284599382139 -0.0256522013907687  0.0119318854445076 2.01304480828651 -0.125213522344031  -1.98579194779098  -10.1944115363062 1776669969.32355
   -2.3649814957969 -0.0337188181026068  0.0208764026025425 2.36531398726292 -0.0741352447529859   -1.80170160775886   -10.1810999905271 1776669969.33581
  -2.63438476430935 -0.0450045311318111  0.0480394042563931 2.63520706560394 -0.00359150175149636    -1.49721973945927    -9.90052478850252 1776669969.34997
  -2.52888272731113 -0.0950384541195023   0.100175457849337 2.53264985313985 -0.100467505544652 -0.932668820255657  -9.89984789159251 1776669969.38972
  -2.17611141665216 -0.0930024467876666   0.111599747460161 2.18095503310488 -0.262099092418877 -0.533036092546316  -9.91180201101758 1776669969.41002
 -1.99193537746696 -0.112316101829145  0.109830124380335 1.99812014427459 -0.250875288400137 -0.277369768122838  -9.75395645932653 1776669969.42268
 -1.86859526883952 -0.153694720137881  0.113808839177659 1.87835640856646  -0.222616349642867 -0.0455562830282936   -9.52705586148477 1776669969.43372
 -1.80470813363224 -0.163204785075194  0.126816276822083 1.81650478048829 -0.238062638383975  0.475511352085271  -9.31305739573619 1776669969.44609
-1.96210815518639 -0.21991226809341 0.174108265365922 1.9820553741951 -0.10537367562188  1.14301721890997 -9.85391001651201 1776669969.46415
 -2.17968910135444 -0.082028704585261  0.333300764157457 2.20654995101566 -0.0313694873747215    1.70526888869974   -9.70824536761956 1776669969.5101
  -2.05680896790405 -0.0291670705714093    0.37225143289051 2.09042698455251 -0.112971988239398   1.80972210917129  -9.70328691754822 1776669969.5218
  -1.94327874413268 -0.0254172396396495   0.385060694572547 1.98122438203588 -0.181786000783229    1.9040390531925  -9.68476255580548 1776669969.5331
   -1.8418748142004 -0.0702612175834979   0.371728704279967 1.88032489199812 -0.236217642461562   1.98594278997124  -9.65331383449534 1776669969.54372
 -1.70305125465598 -0.138326671135577  0.338596891205168 1.74188567324798 -0.285789375735099   2.13438134451468  -9.53527308826314 1776669969.5598
 -1.73194693603296 -0.158398516500643  0.215924580724821 1.75252780400904 0.0662075032903963    3.5142886031944  -9.03590390774318 1776669969.61004
  -1.76848673625366 -0.0952847268124494   0.240128143671524 1.78725656827775 0.00695393274019487    3.66499573498786   -9.00986026373891 1776669969.62216
  -1.78862556415025 -0.0232088761010109   0.274046196134555 1.80964675510926 -0.0563117242685559    3.81585439739599   -8.98807440467609 1776669969.6341
    -1.76246787995596 -3.12366199563686e-05     0.301352777239051 1.78804544830434 -0.0920644226367428    3.96990709808204   -8.90897581992357 1776669969.64411
  -1.65983664915915 -0.0447749656104936    0.31638442560957 1.69031405490388 -0.21584146602949  4.19292423424969 -8.85091943093115 1776669969.65993
 -1.07152650872362 -0.176504603773839  0.244750807576803 1.11320523348585 -0.228012140104392   4.68983908274803  -8.61642070079851 1776669969.71004
-0.908458381074751 -0.161196168079709  0.231106330563819 0.951152443499575 -0.192108385018503   4.75486668148754  -8.56046057651308 1776669969.72347
-0.784602319122037 -0.149568864896256  0.220742863376219 0.828673069581464 -0.164838201823485   4.80425746320707  -8.51795686520964 1776669969.73367
-0.659605900372432  -0.13783450781487  0.210283978571907 0.705902009484832 -0.137316938961727    4.8541029914505  -8.47506181742002 1776669969.74397
-0.565949130022684 -0.146734137608845  0.194046204362846 0.616022121632715 -0.0453918129177167    5.06621859687471   -8.22156296942379 1776669969.75946
-0.591525377978735 -0.145016217521759  0.187809326097464 0.637341603150451 0.0369567858276748   5.61783628519908  -7.91363259659897 1776669969.81008
-0.692559931169814 -0.140931947874486  0.208618710097661 0.736900833488772 -0.0272694342669201     5.6664023379391   -8.09351845244896 1776669969.8238
-0.759005940887736 -0.133978259843919  0.222886595593595 0.802320775568591 -0.0847019332637185    5.69706898388969   -8.23569688595855 1776669969.83433
-0.776380099195709 -0.123711727821177  0.231573674747581 0.819571239651404 -0.208746352017169   5.76060626104946   -8.4318836904677 1776669969.84397
-0.742174388959083 -0.087496202349502  0.240988392223093 0.785209407889797 -0.261246617820302    5.8824922442108  -8.31279532641397 1776669969.85808
-0.966022493496013 -0.162754917114416  0.335375088055721 1.03545404083115 0.0485765690477044   5.89126066546664   -7.6209795979309 1776669969.90829
 -0.783310082216077 -0.0807536139177537   0.319267316301162 0.849721984133799 -0.045577974998435   5.92622536164021  -7.71907987140194 1776669969.92404
 -0.644593718334173 -0.0412367719275255   0.294651538737345 0.709944407932877 -0.0904103315228954    5.97283867624739   -7.68790704194453 1776669969.93446
 -0.517587979125754 -0.0201808960546714   0.273035969563496 0.585536698573651 -0.185716641096236   6.07637044593934   -7.8915537465048 1776669969.94559
 -0.468190215901142 0.00527986143615734    0.27188945952833 0.541436823096611 0.0273301404029205   6.14787891810374   -7.4114518441735 1776669969.95863
-0.643840731840616 0.0812025418554823  0.103096648720499 0.657079644912433 0.173745343421016  6.38442651420781 -7.12791692757849 1776669970.00785
-0.51016370366252  0.10362771968256  0.10210382193327 0.530500611945592 0.209105594169138  6.39570005118834 -6.90430474795281 1776669970.02497
-0.293080629130631 0.0921157365403336   0.10210382193327 0.323738713383734 0.187618702435117   6.3781839911904 -6.78798267499372 1776669970.03496
-0.0173251209042472   0.103818052816422  0.0858335145844921 0.135815095371856 0.0831610356529877    6.2961106103064  -7.01347384064062 1776669970.0456
 0.307914238915872 0.0702881725817363 0.0506679967169189 0.319873180531483 -0.00585656011646334     6.30215079888018    -7.61092575036387 1776669970.06137
   0.151100560348555    0.048377886230928 -0.00533052671268362 0.158745751845064 0.225866383084888  6.67891203632915 -7.48198149537742 1776669970.11001
 0.0225881930636798  0.0519623106389137 0.00638541197800154 0.0570182574176539 0.403964679858519  6.50789718154356 -7.28794208400686 1776669970.12558
0.0651362146884996 0.0783787184553419 0.0126830944402559 0.102697667233626 0.256377065624762    6.200645056863 -7.64840199456833 1776669970.13865
 0.218726186055738   0.11572278228153 0.0190090214234045 0.248181888341884 0.202964811773689  5.94416353920077 -7.18719752409388 1776669970.14569
   0.776142473522133   0.0362137967336055 -0.00175332222394476 0.77698883673946 0.0312574244188996    5.7431488664289   -7.2522900306268 1776669970.16029
  1.60562737242925 -0.111233122819805 -0.221230748875468 1.62460921792113 -0.107904848599444   5.97984861254358    -8.522157398651 1776669970.2066
  1.26884983959407 -0.056162866677527 -0.240939127517645 1.29274353458074 -0.00284347933537409     6.02219116142506     -8.4638217605493 1776669970.22724
   1.05225243964859 -0.0266536782412327  -0.227364908019343 1.0768660161361 -0.00337276620945671     6.01750459755669    -8.54477860295057 1776669970.23676
   0.870773335791258 -0.00200625901150604    -0.21397697399209 0.89668075299912 -0.00737496276701895     6.04497382434223     -8.4791965552529 1776669970.24631
 0.721025909353423 0.0611115276263464 -0.201146194898842 0.751047783093751 -0.0455935745475132    5.54743887434102   -8.56744748044553 1776669970.25953
 1.13125587591158  0.22918267742696 -0.55309954397053 1.27991549016233 -0.329292665625094   4.53447543445554  -8.29596695328734 1776669970.31003
  1.21939201057677  0.173632827351716 -0.621989799861273 1.37983207142177 -0.494461257001319   4.41648846229888  -8.54411558680161 1776669970.32669
  1.25074822529881  0.165046312441396 -0.661056180480579 1.42429164221735 -0.52338036454828  4.19876738913006 -8.82387820697126 1776669970.33776
  1.32801347499145  0.149136597961244 -0.770937651522948 1.54279174782148 -0.481688691962773   4.04511888405798  -8.90601623481369 1776669970.34844
  1.43553470689977  0.126780689153135 -0.924767543433183 1.71231663171372 -0.408856935348084   3.90052826696451  -8.91723134150242 1776669970.36045
 1.72000854154279 0.292141661295675 -1.39862586943178 2.23605242690965 -0.469271775897029   3.58886702604022  -9.64423130705632 1776669970.41006
 1.57792117239062  0.25035193198671 -1.30981694406897 2.06594572607758 -0.516689292935875   3.67087421687717  -9.43844118982613 1776669970.42719
 1.44573318812767 0.233372809186239 -1.25148368308002 1.92634854798834 -0.496807322303945   3.68817310921316  -9.14925702232104 1776669970.43761
 1.30292581738929 0.250183367824861 -1.18439245144902 1.77848049812337 -0.484527845988946   3.65394153000996  -9.02361940818822 1776669970.4478
 1.14267501814699 0.223570555001544 -1.09934638818551 1.60132834589832 -0.636780591952253    3.6242780681298  -9.45753951737345 1776669970.45976
 0.872214162138393  0.236869850681957 -0.809370915878486 1.2132378786812 -0.34619731127755  2.63877317957035 -9.59931356128437 1776669970.51012
 0.784804391083161  0.264652256095945 -0.868121685065516 1.19983082515873 -0.281477258472339   2.54306916341838  -9.54460823717403 1776669970.52713
 0.703127718441337  0.326233866729378 -0.948501878693754 1.22493793235711 -0.236788940633721    2.4786698802479   -9.4878817166841 1776669970.53785
0.622618607670273 0.386935172886758 -1.02773304352088 1.26238186274156 -0.192739438925697   2.41519117996973  -9.43196609752306 1776669970.54842
0.557964384567955 0.414235179347253 -1.04091215000353 1.25156427812562 -0.163991838550079   2.32307674831022  -9.40479512286666 1776669970.56029
 0.745584774481251  0.324006793367634 -0.703056703227337 1.07478639088869 -0.185124194825263   2.02840352851729  -9.43154705457236 1776669970.61014
 0.908861952646782  0.337673154470663 -0.754125768595991 1.22831546561931 -0.217147535484521   1.94958465675441   -9.5104036479773 1776669970.62757
 0.941676729293084  0.320500493789727 -0.803279429998156 1.27856696018227 -0.226837483527914    1.9243101561183  -9.49693910443599 1776669970.63842
   0.8798104381272  0.267670863913189 -0.876962883147776 1.27073915373867 -0.222488100503395   1.93160709996837  -9.39693717747582 1776669970.6494
 0.669841862003643  0.189164418490541 -0.912091994826105 1.14733739777854 -0.247220929428449   1.98700930982729  -9.40303629862194 1776669970.66068
-0.0989107494640062  0.0218395361412315  -0.788061456872473 0.794544625245404 -0.0933882141586742    1.49854474582083   -9.64729048165232 1776669970.70986
0.00953600090887087  0.0185332318455781    -0.8171569087746 0.817422674969343 -0.0857668212283346    1.36932119041756   -9.74641881621636 1776669970.72719
 0.140637535043883 0.0221847927684135 -0.878185152207929 0.88965175369459 -0.0709516697022952    1.31016882403546   -9.80987748545669 1776669970.73855
 0.306511062439524 0.0294360953785446 -0.964294354061905 1.0122643510391 -0.0502800426748623    1.26872002980936   -9.87077230074673 1776669970.74962
0.431892426501298 0.044942784582368 -1.07284323000084 1.1573865033401 0.00598494207867951    1.26748036990834   -9.87963021889879 1776669970.76186
-0.127446693122749  0.316524108259734  -1.03268146166477 1.08759421291382 -0.130064397947958   1.48046330925797  -10.1739075258253 1776669970.80958
 0.048301798172165  0.303432691612462 -0.762277799149104 0.821870978391043 -0.101119512376515    1.1628479268597  -9.88474242617358 1776669970.82813
 0.269510047221506  0.269349893719978 -0.621444811002293 0.72895725795274 -0.0465016024575412    1.03975234886112   -9.72637547602658 1776669970.83974
 0.558813532958002  0.182851090572044 -0.550726169891653 0.805609334692642 -0.0347205302314928   0.953477889330208   -9.64509701086036 1776669970.85127
 0.790407226255004  0.151780640846466 -0.569992956030404 0.986241814250527 -0.0137602299007559   0.847316553206678   -9.54974789280613 1776669970.86357
 0.348729139140026  0.246398959766727 -0.883828341945787 0.98156864145413 0.0978167104727218   1.03065172036299  -9.83526358329094 1776669970.91001
0.0315609295340757  0.216826284268383 -0.792254664645204 0.82199585368466 -0.041416668185081  0.993027742049204  -9.84469346991277 1776669970.9279
-0.00695762439427101    0.200177916460545   -0.656741309096714 0.686606695168175 -0.0585599832088824    0.83166605940647   -9.78336517867787 1776669970.94088
0.0509158989049322  0.170216350920262 -0.541750966499952 0.570140460400364 -0.0773971089205977   0.700320625662697   -9.76190145451375 1776669970.9516
 0.170476188775223  0.116981470110768 -0.442262810182272 0.488204043980509 -0.133101684916515  0.587466865401406  -9.75881130643491 1776669970.96389
 0.119567808729282 0.0316257465703519 -0.615679495643962 0.627979211508516 0.217752013215149 0.544187961723526 -9.74228928333782 1776669971.00995
-0.0178260161060952  0.0634835089692293  -0.602038473926483 0.605638709833668 0.108456391016227 0.725531433675122 -9.69880472780998 1776669971.0297
-0.0584102104412748   0.118556317492481  -0.563389484749557 0.578683907351451 0.122302290274757 0.708949678913809 -9.60912446028715 1776669971.04056
0.0261462809074714  0.101810160149422 -0.497408296872509 0.508393499675747 0.126868673906485 0.740343827234887 -9.45756148271735 1776669971.05218
0.0944241055811153 0.0904806856039692 -0.430892294960863 0.450300828378982 -0.0521640335071229  0.0264711251573442   -9.90130934274009 1776669971.06447
 0.135932301373414  0.100333913627272 -0.519260212986036 0.546054625079525 0.191320990651696 0.536616371738411 -9.44314516992554 1776669971.10929
0.0549876467743137  0.138849055926489 -0.472232253995861 0.495283760427762 0.200462305634744 0.465646596721539 -9.53763830047246 1776669971.12933
 0.033287743904616   0.13603961677919 -0.423147489168107 0.445722614208614  0.16008583945664 0.477376209849475  -9.4656543683992 1776669971.14168
-0.00139071534181536    0.121588616151596   -0.358831591501335 0.378874433983348 -0.0347535527614297  0.0554136572558953   -9.93554322447188 1776669971.15352
0.0534697643192274  0.119418663538998 -0.374566208633935 0.396761486976993 0.112311517841309 0.168703246269954 -9.20231049565791 1776669971.16717
 0.136506830034908  0.122284336010459 -0.426101798013763 0.46384298609579 0.359693107098775 0.283532357639352 -9.61413252629393 1776669971.20984
0.0774749680512083 0.0869682957258111 -0.351208517331198 0.370017942513558  0.38563928201315 0.395822936503871 -9.80139457399899 1776669971.23144
0.0215833354741335 0.0636847907324149 -0.302075318301106 0.309469046703438 0.308032647434295 0.368920787920081 -9.89573904417794 1776669971.24347
0.00869480548259926   0.121610815663831   -0.36042135917619 0.380484357469811  0.293991655327034 0.0726297567254142  -10.3763253299347 1776669971.25543
0.0740469774146377  0.159095755833881 -0.320267209689486 0.365192415023761 0.356845997065431  1.02577628450367 -9.41069052814241 1776669971.26753
 -0.262591605905987   0.066599196351855 -0.0841539704700565 0.283675334128424 0.205702722458144 0.752018692137884 -9.75051647290414 1776669971.30989
  -0.41779029770237 -0.0625265123300871 -0.0515413336958946 0.425575853024524 0.137143063968083  0.81103612571461 -10.0916289107391 1776669971.33234
 -0.390972826867128    -0.1641733817158 -0.0359698990905578 0.425566075073025 0.169825631646891  0.83456517801163 -10.1011968159667 1776669971.34412
 -0.366616933133264  -0.238289811328888 -0.0188649389314965 0.437659566060295 0.221960093622794  0.87026666634895 -10.1173919864578 1776669971.35611
-0.350896652538834 -0.230351828897676 0.0173226287140432 0.420107723453198 0.335561413546866  1.00278990342853 -10.1149352259139 1776669971.36801
-0.0974601096934542 -0.0846305213100084   0.452452557027341 0.470504106761294 0.363926995636579  1.01218262164065 -9.94510083588601 1776669971.40851
0.0666700704751067 -0.126517812392168  0.527540569155528 0.546580924707947 0.406459503328728 0.652658922409822 -9.63696927048213 1776669971.43251
-0.0162990253052374  -0.165155202037169   0.393520916624229 0.427083845171662 0.346904963342407 0.429482916666934 -9.84828015498656 1776669971.44548
-0.0720428373425447  -0.184298057039321   0.271904246467011 0.336285389940785 0.374867349544847 0.738830799877581 -9.80320361064452 1776669971.4563
 -0.19582971587549 -0.195141209509263  0.249576051977273 0.372448083615926 0.390870973262695  1.12325437181675 -10.0999207188767 1776669971.46978
   0.0229540981436399 -0.000643513015691042     0.765726937646773 0.766071176698676 0.217919592858978  1.12357758439757  -9.5511968078171 1776669971.50985
  0.211262350705061 -0.0865317814008868   0.656130171742327 0.694713129491919 0.299656713000764 0.486767855604293 -9.14403973509409 1776669971.53257
 0.167457816770492 -0.197238495007425  0.431869485657328 0.503444532150523    0.329249894360493 -0.00628179269882667     -9.6694500790106 1776669971.54554
0.0745518796279932 -0.215595994620979  0.171400370510041 0.285337874569177 0.453607823357035 0.215617443109029  -9.8232932681361 1776669971.55632
-0.0263535603880882  -0.222179252361644 -0.0166500718761257 0.224355421638497 0.407446459677903  1.25187915617644 -9.77827826249067 1776669971.56976
-0.128410662396629 -0.185343883882666  0.441653234175429 0.495882277125799 -0.153068131460493   1.54546040683521  -10.0243654373039 1776669971.60783
0.129655532485765 -0.12867941848383  1.05216158320204 1.06790118785013 -0.206918837040291   1.05134333476183  -9.63466072363947 1776669971.636
 0.158517278143434 -0.149203853665265   1.10323610539885 1.12450852450045 -0.167551730729857  0.541017614859953  -9.38907747576707 1776669971.64753
0.0637547941096411 -0.172800249725808   1.07638161873999 1.09202655152638 0.0217877517957378  0.852184714109711  -9.48384344684826 1776669971.65826
-0.137836867644134 -0.211491607434257   1.05641902974198 1.08616245032594 0.170629147885175 0.769676245109758 -9.16938919027304 1776669971.6707
-0.944229758147331 -0.276835472206501   1.12596585300033 1.49532833082421 -0.339758784491275   1.16437890593471  -9.78587983607225 1776669971.70935
 -1.04789200757811 -0.266518553772119   1.45884334236407 1.81585618830645 -0.335618236313141    1.2466049764454  -9.96567296653354 1776669971.73598
 -0.61554465598082 -0.324101943181371   1.46686728563949 1.62346448275281 -0.31509380064345  1.34285233036915 -10.0620465059442 1776669971.74841
-0.233378110874521 -0.375001861741627   1.47395992230851 1.53871686528639 -0.296951553116863   1.42792864363619  -10.1472343588596 1776669971.75941
-0.104076099332754 -0.336507517153865    1.3548126255796 1.39985227577172 -0.251717450243731   1.48786524345634  -10.1616163364238 1776669971.7712
 -0.59657140992803 -0.194877811584587    1.3169346017587 1.45883225694418 -0.160682524570416   3.07516496560085  -10.3968115271996 1776669971.80725
  -1.52508149215184 -0.0346678658223825    2.23986576369881 2.70999521365164 -0.0237891512649055    2.72308586797612   -9.82147336925259 1776669971.8368
   -1.50072902616665 -0.00138621929674567     2.69119726123389 3.08135233792824 -0.0666552185278377    2.41562128190557   -9.58958479497101 1776669971.84934
 -1.24671977008575 0.0368755913595557   2.92106744928539 3.17620922447427 -0.105599033351652   2.07936038269272  -9.36813708782085 1776669971.85986
-0.795852747821453 0.0446577668573153   2.96345259266609 3.06878268721247 -0.137831216868474    1.6340784694688  -9.16241310755496 1776669971.87197
 0.034644144167916 -0.087178404237985   2.48701486416252 2.48878348304065 -0.297072466396049   1.52176867973502  -9.16000177519448 1776669971.91025
0.0039934699469745  -0.41041965045683   2.31612500856625 2.35221072452902 -0.18498546980722  1.71068013693899 -9.26425692640119 1776669971.93931
-0.034850833852068 -0.546472966844407   2.27913627987993 2.34399434009062 -0.103826764906327   1.82586224829188  -9.29482810925751 1776669971.95045
-0.0607116657205559  -0.622577711001361    2.18677622973879 2.27448437926948 0.00353258476314947    2.04936393683542   -9.28833144023303 1776669971.96154
-0.104768259994713 -0.651077792672949   1.95266951200019 2.06101841416064 0.0941792922328932   2.35857962298992  -9.29433392166902 1776669971.97356
-0.695261615861671  -0.52118472179805   1.47990108309269 1.71613794447452  0.26115422724213  2.83015667453894 -9.17967993865974 1776669972.01041
 -1.34079906604707 -0.631138090630355   1.53426871326049 2.13308647491077 0.146770414579008  2.94410816721425 -9.29115607702872 1776669972.03994
 -1.36662410033763 -0.664545173630647   1.58459262544488 2.19549892007118 0.0867315430091955   2.89100959763432  -9.33297329701118 1776669972.0519
-1.26356985796861 -0.66569727462946  1.57990749749968 2.12975804918578 0.0492261155235392   2.74328200832519  -9.37668115983948 1776669972.06256
-1.02827587512565 -0.63514321051863  1.44618535271787 1.88473081569997 0.00880430647621882    2.36620876611353   -9.39679825043169 1776669972.07388
-0.236746396378489 -0.648002605800289   1.08353252013611 1.28452285130108 -0.0184671848282584     3.6472081123092   -8.47060810604526 1776669972.10988
 -0.21881783003643 -0.755300261225581   1.33577206716728 1.5500473356558 -0.0805356258996388     3.9162365806582   -8.81509720737974 1776669972.14035
-0.117209207899263 -0.787975715751563   1.44011844357926 1.64577788858877 -0.122359915079168   3.87210993082829  -8.96952973352284 1776669972.15219
0.0628437069041811 -0.742469860065309   1.45695494711701 1.63643776005432 -0.230547746257149   3.34683632727153  -9.36735865276563 1776669972.16383
 0.231367526396097 -0.638699270118832   1.32868981264771 1.49227487687584 -0.346341381038064   2.82411418964136  -9.85699001183666 1776669972.17587
0.0344860259369111 -0.325675321542222   0.91355981697825 0.970487114929345 -0.463217049664703   3.08922463888244  -9.61743314441259 1776669972.21008
 0.420525625721725 -0.569809671681215  0.949868555409981 1.18481016892443 -0.661547140992913   3.25649790269311  -9.76010115173856 1776669972.24167
0.640792491761121 -0.75667156143622 0.962885818698189 1.38214180503805 -0.554965233607715   3.34871744786155  -9.18103074626473 1776669972.2536
 0.790155480971601 -0.826585526803027  0.933310590593417 1.47602776929959 -0.613712347223598   2.90301307965807  -9.51238820585272 1776669972.26544
0.846609337355811 -0.85202567882953 0.834704526433633 1.46267794607417 -0.650646182555189   2.43133245344273  -9.84938272696459 1776669972.27676
 0.826470087745041 -0.546898319741478  0.587871407746223 1.15227747097601 -0.590276865409077   2.40915538936621  -9.71517522294504 1776669972.31054
 0.826491794144057 -0.345276435995674  0.556405739157421 1.05446282514305 -0.463440864000654   2.38421130151687  -9.31874284560928 1776669972.34084
0.775012399032918 -0.35827628927072 0.556925728051292 1.01939805016187 -0.409864015488652   2.37023605254196  -9.09651024612124 1776669972.35353
 0.598440155849491 -0.405448783034347  0.590169308256513 0.93317691152598 -0.421122854859928   2.32212577018879  -8.92639252917434 1776669972.3667
 0.509529536771937 -0.415853869100101  0.613345615060459 0.899303971303609 -0.416806821635755   2.27225974390425  -8.75057221700775 1776669972.37701
 0.869743398577903 -0.389990869517047  0.693337711124016 1.17867028440662 -0.491010000454147   1.78127818016568  -10.0811552596491 1776669972.40579
 0.386228315860461 0.0155438159750068   0.65236393058286 0.758282678236152 -0.429833449777562   1.97051326572992  -9.41291040953787 1776669972.44141
 0.143160562702933 0.0321297538506254  0.627890208017819 0.644804917103291 -0.455622297073421   2.02622049134016  -9.34821799698978 1776669972.4538
   0.154171254185534 -0.00503132509002394    0.591417296693191 0.611202510365578 -0.415335665669255   2.07014080999665  -9.17826623141286 1776669972.46607
  0.257310448817889 -0.0543307707099889   0.547857356774354 0.607707316961534 -0.393538045015039   2.08203652334053  -9.06172913438443 1776669972.47857
  0.449664382473178 -0.0972921706555666   0.486043295824846 0.669254741299705 -0.425186056009657   2.00161849593068  -9.17004642129569 1776669972.50872
 0.0115096051982373 0.00582085451253214   0.423655827013358 0.423852112323919 -0.335925586537863   2.02456906403458   -9.2469883531611 1776669972.54332
-0.0224942326255281 0.00225851521149144   0.383110542060265 0.383776991011814 -0.336248226242263   2.04631707670824  -9.28873928675468 1776669972.55538
 0.0446536343709497 -0.0307158821313792   0.334548238223524 0.338909923395741 -0.367265300614783   2.07059144628746   -9.3548196806302 1776669972.56663
  0.195888353441226 -0.0657129565132885   0.277370605346341 0.345868316527877 -0.430086047698511   1.92439546668825  -9.46532132868679 1776669972.57941
  0.112333764231497 -0.0817074469877041  0.0566149271840726 0.150000771530428 -0.470710278872933   1.97163564406706  -9.78760157687042 1776669972.60796
-0.309720023705225 0.0858384556018364 -0.140789992922598 0.350879688285342 -0.703196012436775   1.89262087154091  -10.0378163560409 1776669972.64365
 -0.112772820773266  0.0989306110938757 -0.0696815492877482 0.165410075955813 -0.767679910274794    1.8488745440518  -9.87903963714246 1776669972.65594
   0.20592625090268  0.0640632054277143 -0.0301184925486824 0.21775407847825 -0.825103439132917   1.70656499802414  -9.70434206162463 1776669972.66777
  0.502742988931621 -0.0263761172950999 -0.0476997925277137 0.50568911664248 -0.718696398705293    1.5520703801824  -9.05115449640772 1776669972.6805
-0.380744962657618 0.0180907836155923 -0.155845302803023 0.411803061482965 -0.705846173028432   2.32814536903049  -10.6457867612918 1776669972.70784
 -1.24625458971236  0.423200419918185 -0.117080277768989 1.32134661964245 -0.389901600333242   1.84012686225841  -10.0560420796948 1776669972.74399
 -0.679246804400642   0.463596540117696 -0.0809591422756033 0.826348810137452 -0.362829321283043   1.65620602861028  -9.58821164062297 1776669972.75742
-0.0792694094496361   0.412096742810546    -0.0868609500644 0.428546601148167 -0.686774546729301   1.61028532572306  -8.69540655282301 1776669972.76928
  0.24344111225258  0.288856101299172 -0.181397903667145 0.419054437808938 -0.685895814409648   1.80617515838775  -8.87138049915174 1776669972.78146
   0.306252273516531 -0.00427928813512686   -0.331692125902993 0.451473624619461 -0.997310921312416   2.22829353418727  -9.92436719088721 1776669972.80853
 -0.117438120835839 -0.0728357752853452  -0.448799038040815 0.469592737308863 -0.979372532558892   2.07908792653893  -9.39528776810303 1776669972.84595
 -0.111649767740746 -0.0077559545760388  -0.638435875735127 0.648171422459851 -1.08332719817964  1.85493731691703  -9.2966644778097 1776669972.85808
0.0449029417877847 0.0896422196518291 -0.890286802161824 0.895914388671613 -1.07752709945139 0.985763819985958 -9.25402909550192 1776669972.86983
0.357119523229138 0.229107974981245 -1.20382186866576 1.27640585612466 -0.579735964811189  0.822523195858566  -9.85015484584938 1776669972.88215
0.687004471332338 0.414583700233235 -1.60989485619163 1.79878187563751 -0.408883689818215   1.58979417124043   -9.5947723534721 1776669972.90786
0.398296144408748 0.577059616495665  -1.7052000264534 1.84373120325542 -0.434655797231372   1.92475185159514  -9.46526640638147 1776669972.94624
0.387561308732353 0.596715315363256 -1.72518035598522 1.8661511718756 -0.457280846414139   1.95933178759629  -9.36223948512714 1776669972.95856
0.423212254130846 0.582546706470088 -1.77865676394446 1.91887705734136 -0.443007495320304   1.76090336868576  -9.39557761416474 1776669972.97017
0.518341712858163 0.522328467783975 -1.78874039649963 1.93419165689855 -0.566927989196792   1.89547594906602  -9.23115970365065 1776669972.9823
0.714768349647001 0.331180199487104 -1.72877842424391 1.89980234717211 -0.566506496405883   1.78500121216086  -9.02647086819074 1776669973.00991
 0.580904656170628 0.0646608215103823  -1.53076393325928 1.63855712770918 -0.663246293779996   1.64706718150261   -9.1381610738754 1776669973.04737
  0.437369951141604 -0.0132056728096087   -1.58352647205667 1.64287033927216 -0.654002792954268   1.46733145495892  -9.26207219548942 1776669973.05993
  0.476450492800824 -0.0764912305145279   -1.61702025675308 1.6874864417783 -0.548199525367717   1.21777667577134  -9.57896467168434 1776669973.07187
 0.562795568991657 -0.104962270835962   -1.6403973575483 1.73742896874293 -0.311583029183499  0.753562059167086  -9.62285978571951 1776669973.08414
 0.393919192025838 0.0318422826930244  -1.77784998602221 1.82124595637508 -0.310214549383263   1.18858786337156  -9.86316128853681 1776669973.10953
-0.193958463859075  0.145714587102313  -1.66243810242204 1.68004555622208 -0.261125073495295   1.03810093425268  -9.78066188789109 1776669973.14771
-0.147127880619986  0.128989373789294  -1.55456050345801 1.56682584568864 -0.232286845662044  0.946548813529441   -9.5115655736083 1776669973.16024
0.0345962829019817 0.0945261944218564  -1.51196676301942 1.51531369580623 -0.305400572601939   0.80106423334307  -9.41392540522414 1776669973.17196
  0.46214062196867 0.0668675438540739  -1.48163498849419 1.55347592901366 -0.307517355668994  0.430470034342525  -9.54764117113105 1776669973.18458
  1.05669083528516 0.0436195131406123  -1.49262005445788 1.82932031374282 -0.268940381539247  0.491773257268868  -9.74495689591883 1776669973.20985
  1.0028799729064 0.153391647387837 -1.48740212818164 1.80046169869407 -0.232822221848603  0.250265996628984  -9.81339956147632 1776669973.24901
0.880477055041963 0.202878680689546 -1.20848604982905 1.50891952607325 -0.183725324936676 -0.140288807601734  -9.84685228396475 1776669973.26163
  0.93832846487167   0.23696372243318 -0.928268400008387 1.341004972471 -0.157256317230102 -0.425952776566074  -9.83025650956285 1776669973.27361
  1.11476247301152  0.188973648605317 -0.794884250208709 1.38211699299727 -0.151946814638448 -0.752425555233175  -9.70551294631137 1776669973.28754
  1.61351172512958 0.0755573805580173 -0.878879905485653 1.83890154525844 -0.126825270720174  -1.39224500352599  -9.63049141232675 1776669973.30953
   1.65563607904884 -0.0295779259432255   -1.31435762389045 2.11412905079852 0.119726781418843 -1.43967172754629 -9.69744145468449 1776669973.34809
    1.35915030913101 -0.00452018939680102    -1.29169020876926 1.87503962367559 0.149400217777342 -1.22421383721191 -9.75945558073724 1776669973.36182
  1.05055633459257 0.0191577560596092  -1.23831928085934 1.62402902471533 0.0641719102537438  -1.30126829387346  -9.78307399883012 1776669973.37559
  0.826362054398719 -0.0037460935032863   -1.21388216186602 1.4684679707311 -0.0590859467169787   -1.72090142267209   -9.19363738440986 1776669973.38802
 0.559230341796114 -0.159482498184961  -1.42019026763087 1.53463795036033 0.0376633150775803  -1.97666053735787  -9.55382783273953 1776669973.41025
-0.305028441631845 -0.111501962326692  -1.73597425718964 1.76609220015043 0.163829446194136 -1.82284148247136 -9.31855887532586 1776669973.44788
-0.651292865472498 -0.145729761413795  -1.74565944668174 1.86888909884089 0.159620358680474 -1.69860106091003  -9.3454438440476 1776669973.4633
-0.649081919858546 -0.197354203883042  -1.72143351092771 1.8502943963117  0.18413631803829 -1.78628524194554 -9.13215372073631 1776669973.47577
-0.358159049830264 -0.165090807171013  -1.64284969113378 1.6895230058351 0.196564465527901 -2.26865304914126  -9.7487760122138 1776669973.48847
  0.294788593822053 -0.0794682252477698   -1.36712882848066 1.40080574939372  0.21026243137062 -2.05134549486594  -9.6560222807654 1776669973.51003
  1.37875625645458 -0.183110451372963 -0.871820119199391 1.64151410970345  0.11352122888919 -2.07650892085579 -9.62662745527051 1776669973.54876
  1.16821144084424 -0.119598261383287  -0.67172117327056 1.35286032141727 0.0900178257523829  -2.18268710654504  -9.57875846141627 1776669973.56367
  0.881315319755139 -0.0693001151523992  -0.485140329477049 1.00840484830267 0.117386559380614 -2.22823825050592 -9.60289577418561 1776669973.57633
  0.562323957913766 -0.0133750852029543  -0.277686575033569 0.627293360798489 0.147817049617991 -2.27888522820068 -9.62973334257883 1776669973.59041
   0.181521966494501   0.0585874950753623 5.04126981876532e-05 0.190742552779071 0.251785350155658 -2.37206822120121 -9.42849081170091 1776669973.61018
  0.698966081084604 -0.0778577227202701   0.338612332885828 0.780559875651022 0.299456536320138 -2.63415472009083 -8.74337828504981 1776669973.64809
 0.821636992075898 -0.258484821715957  0.265505511798452 0.901329532746163 0.358875978016414 -3.09293922387829 -9.21721281069159 1776669973.66341
 0.787101715606162 -0.333177315412837  0.184387827394576 0.874376981116933 0.435503218843014 -3.17177849443033  -9.3620345972529 1776669973.67622
 0.820506984787869 -0.289154311652817  0.194002881215487 0.89133554060915 0.432022818753742 -3.22070992268544 -9.62637630673288 1776669973.69035
   1.12663740759975 -0.0529030931024041   0.294843610690986 1.16578014232023 0.435518844026583 -3.20319955634034 -9.68743385218083 1776669973.7102
 1.22554171296024 0.546023299014083 0.626528025111843 1.48075362553069 0.313886108517676 -3.13371342637441 -9.06099747796946 1776669973.74737
0.504105147381411 0.517965514200182 0.596464072835856 0.937112407185515 0.176109938984968 -3.06019992851972  -8.6288062763856 1776669973.76248
-0.19741680013246 0.357132076433199 0.552762900609934 0.687068800981922 -0.019743641307696  -3.35136881870592  -8.05072302062219 1776669973.77599
-0.718777345831149   0.16985825166524  0.506651376675223 0.895649661433388  0.14421583980787 -3.37743878833999 -8.34273778358427 1776669973.79463
-0.858949733352568  0.158027608445584  0.529981711110392 1.0215909081276 0.134749984466888 -3.68226341759895 -8.89386339156796 1776669973.80994
-0.589602418015478  0.473139647823119  0.614370675795046 0.974137292658865 0.181991256404003    -4.01845889878 -9.05352596571419 1776669973.84801
-0.494565688585865  0.561120283044771  0.580586939901012 0.946853941827501 0.216712174087325 -4.05326709864865 -8.83431477852841 1776669973.86284
-0.486547768115997  0.624951925935575  0.501505467233828 0.937444064493804 0.229927379573369 -3.77258383132059 -9.24706913148659 1776669973.87748
-0.682286825049589  0.723703471818184  0.461105617560981 1.09630306818153 0.204717310609227 -3.36028054145806 -9.71677821007501 1776669973.89145
-1.12024459796746 0.823547686315723 0.498734310292351 1.47713055048429 0.108039215378022 -3.16315739416338  -9.6392122163765 1776669973.9098
-1.70971647325466   0.6915065599968 0.717878294819432 1.97905557971721 0.101434605194313 -3.21179298961335 -9.55025386659688 1776669973.95081
-1.57373491557486 0.539799691886634 0.730444826975581 1.81702364792419 0.589587070070731 -3.15042278221888 -9.43808598275049 1776669973.96578
-1.44225715935146 0.507926743917192 0.742160370751171 1.69967564752819 0.798183220064631 -2.59819570934976 -10.0926678441756 1776669973.9779
-1.35275968546102 0.586986343479018 0.791329801082611 1.67353356348802 0.713518552666934 -2.37543300597556 -10.5315171913414 1776669973.99135
-1.08066615285885 0.461828519542175 0.731179742130157 1.38410575127004  0.23486420961874 -2.53716462698408 -9.66216288999201 1776669974.00964
 -0.45615917895199 -0.362929120949346   0.14300904448858 0.600208572231983 0.510230271068119 -2.11830089684185 -9.72618113545838 1776669974.05164
-0.440710539018684 -0.349841249161966 -0.024909528136598 0.563236329979994 0.743980187452586 -1.95634849941128 -10.0213109701074 1776669974.06644
-0.428857600400956  -0.25388885997372 -0.119733060764373 0.512556729036335 0.895962572447572 -1.91719417524889 -10.2955551158471 1776669974.07863
-0.201198394230728 -0.075892888882109 -0.160849618930517 0.268538869316879  1.09704365756473  -1.8923800567973 -10.1987462791975 1776669974.0917
 0.700348967234614   0.12715686199479 -0.186427095901592 0.735807451406449 0.929157105255794 -1.90087394743995 -9.82465708916503 1776669974.10831
  1.73669798824996 -0.120478900894172 -0.520185466908332 1.81692817357615 0.389345175593592 -1.53680700731291 -9.36588120061053 1776669974.15175
   1.0760613923289 -0.145463145822246 -0.696650655396503 1.290112313916 0.567474449772684 -1.11409113088385 -9.54682813078575 1776669974.1661
 0.245451191048653 -0.168845270502682 -0.863798967394204 0.913730632423812   0.85785987222974 -0.848575764457238  -9.48399675394492 1776669974.17863
 -0.75243978793403 -0.182813293628637 -0.908775487921103 1.19392597016724  0.791826032961622 -0.959537941380464  -9.20525496191908 1776669974.19259
  -1.7023833326876 -0.223191420275281  -0.91804300586754 1.94697878317134 0.735735106252841 -1.34458343158779 -9.04476466488229 1776669974.20971
-0.542104823655428 -0.454552082557723 -0.929991906532774 1.16849483601962 0.834618239013897 -2.05196003174417 -8.65678039965061 1776669974.25355
-0.0505501315256698  -0.455481202892495  -0.789796083374106 0.91312446867814   1.02427995221947 -0.674297680330467  -9.85931043305187 1776669974.26747
-0.0980786853519248  -0.358673330599037  -0.473080990200523 0.60172386515118   1.2623161137178 0.830776278631609 -10.3788669609637 1776669974.28055
 -0.444736944456434  -0.170310422476827 -0.0861511737598231 0.483961377083829 0.973771872439543 0.917722829950533 -10.6275350023275 1776669974.29365
 -1.08931818748769 0.0964755263295721  0.545719244995912 1.22218293848791 0.720799166354139 0.434892420313542 -10.5221475584639 1776669974.3099
  -1.67857272302426 -0.0115012219057644    1.25130045773879 2.09367893912216  0.564253193618836 -0.943227827773052  -9.72701271202055 1776669974.35383
 -1.65855970429773 -0.122936122119427    1.3927037907949 2.16922968625649  0.697378527376114 -0.315426693504005  -10.1166530223582 1776669974.36928
 -1.62508113852324 -0.114506714003142   1.55309154060914 2.25079848672587  0.617107038559345 -0.165551925196742  -10.3978757481362 1776669974.38132
  -1.59583423952206 -0.0806482459442205    1.68794935277993 2.3242986204778  0.602575406025249 -0.127022630255178  -10.1674157310563 1776669974.39366
  -1.41211394778546 -0.0635172902645506    1.83429968298253 2.31576241758143    0.64915669867995 -0.0692709583774777   -9.84636305703051 1776669974.41001
-0.879638150341702 -0.235577978157039    1.7260954192908 1.95158029704796 0.918113056157529 0.058451786024633 -9.72202349542814 1776669974.45777
