0.0447595690473505  -2.14120121085571  0.347055927809459 2.16960684489585 1776669963.7518
0.109706749977519 -1.59970781979391 0.211393287934863 1.61733972989114 1776669963.76442
0.0329852084703204   -1.3845922354334  0.114743438463657 1.38973009576348 1776669963.77851
-0.0882680611171064   -1.15896037822166   0.275998193619138 1.1946361001502 1776669963.79151
-0.0649614510236493  -0.941509159720166   0.286003417067485 0.986132568436085 1776669963.8097
-0.215651202395201  -1.03856649560204  0.441276110086207 1.14884742773547 1776669963.84745
-0.245296778569771  -1.02616378350874  0.252295449134577 1.08482054452139 1776669963.86307
   -0.223395408582 -0.884181696875801 0.0969636942918708 0.917106722075689 1776669963.87745
-0.135979370351415  -0.84535789930555  0.150065609660852 0.869275591675243 1776669963.89174
0.0950296534216548 -0.443202136928815  0.152103958653891 0.478115449913399 1776669963.90849
 0.108229017257582 -0.335880091128992  0.308825361772129 0.468937159827464 1776669963.94768
-0.139096936153388 -0.398851464760585 0.0980597062263601 0.433642888301104 1776669963.96319
 -0.365590100868155  -0.571746443090128 -0.0197981628916384 0.678927156838556 1776669963.97768
-0.390114598845572 -0.570754162917645 0.0317259809981727 0.692066653286055 1776669963.99282
-0.306643344021021 -0.361326175240738 0.0829695367186388 0.481114008702512 1776669964.0098
-0.209471493610934 -0.137507168960239  0.216696476576797 0.331276155362643 1776669964.04674
-0.0244256017721176  -0.250791518514866  0.0358533455360334 0.254516125554057 1776669964.06241
-0.0301872804983343  -0.492349837497758  -0.135350526483654 0.51150698862025 1776669964.0806
-0.0262085584629166    -0.4864666290801 -0.0737744959481417 0.492726441342112 1776669964.09322
 0.0161463814139693  -0.299814747724392 -0.0287937641902369 0.301626705452367 1776669964.10957
 0.0347092619839016 -0.0864828734037167  0.0790526475638742 0.12220205131866 1776669964.14736
0.00250183431847564 -0.0655550180755054  0.0255803533952157 0.0704135927904625 1776669964.16331
 -0.126384639290033  -0.225599918893688 -0.0691319275746901 0.267670737779651 1776669964.17791
-0.162069467180267 -0.184098445142408  -0.04508772615796 0.249382542985757 1776669964.19384
 -0.141821267273909  0.0319219214515826 -0.0117364448816723 0.145842466582265 1776669964.2101
-0.111595206250169   0.28464807073636  0.154366260444318 0.342501031524743 1776669964.24794
-0.0290383485075514   0.163179564310217  0.0431806223761811 0.171275690164462 1776669964.26337
-0.0307331999969495  -0.140032586367546 -0.0731710028201361 0.160958536525843 1776669964.27817
-0.0920772164899454  -0.221883513980263 -0.0424031454461786 0.243943711369028 1776669964.2937
-0.143647216477358 -0.123815271916788 0.0199699355266375 0.190692272225329 1776669964.31007
-0.0978307452327145   0.103265755075086   0.141422219480471 0.200586427872871 1776669964.34774
 0.0414200102114044   0.141534389989144 -0.0243070404047995 0.149460473064795 1776669964.36368
-0.0344892815229899  -0.050916976769747 -0.0265730946001146 0.066993868525184 1776669964.37867
  -0.119880822187914  -0.0810852503011325 0.000405892776814243 0.144728691328962 1776669964.39391
-0.0869780020797764  0.0157335423221767  0.0988147286457021 0.132578534450781 1776669964.41013
-0.0597077731079833   0.249414375312563   0.205336948166243 0.328535859632243 1776669964.44898
0.0378448307630852  0.186098743351857 0.0476834014219324 0.195802656426802 1776669964.4655
 0.0617055654146781 0.00478186090114852    -0.1644415752722 0.175702802125708 1776669964.48007
0.0426959383779709 -0.103331965991952 -0.130406531662902 0.171773984788398 1776669964.49686
 0.0790164873678791  0.0480464623780127 -0.0333638363935763 0.0983118172037183 1776669964.51011
 0.171095065509503   0.39796130638713 0.0707162538364446 0.438916291996222 1776669964.54848
  0.0876935078785916    0.395356326954199 -0.00189208460662565 0.404969574870664 1776669964.56587
0.0511658523317813  0.151149738575596 -0.123156343641689 0.201572996444213 1776669964.57979
 0.113267201571821  0.160138562612781 -0.145445169443013 0.244188688316854 1776669964.59432
 0.256925045988077  0.380000053256721 -0.112863948433564 0.472386272648879 1776669964.61
 0.539383589806341  0.871550616654879 -0.196422272058748 1.04360760983456 1776669964.64796
 0.325675037666217  0.834801808244373 -0.291056488929724 0.942163557433138 1776669964.66567
 0.253961159039185  0.557971202530844 -0.373194989026433 0.717706508949642 1776669964.67969
 0.314064990017298  0.561642943265228 -0.392200684630398 0.753592058542781 1776669964.69363
 0.395563358811922  0.856439916180301 -0.398539079743046 1.0241059998574 1776669964.71068
 0.632897809059845   1.71698618198172 -0.614111232353724 1.93021599608228 1776669964.7516
0.134006695638357  1.72740156722833 -0.49990694716762 1.80326950974203 1776669964.76812
-0.0371842170119837     1.2803641023809  -0.375250083635768 1.33473874819348 1776669964.78174
 0.152232221458984   1.29355869558651 -0.380790096809434 1.35700768089423 1776669964.79571
 0.493773460303494   1.53288166957314 -0.433477968894538 1.66776544889572 1776669964.81009
 0.807655332162647   1.94223771391329 -0.756132602352432 2.23524741030118 1776669964.85728
 0.967353972804822   1.87860918411471 -0.778993825855019 2.25206073542914 1776669964.87144
0.876246305155711  1.77621491215904 -0.74188662131787 2.1149805579167 1776669964.8835
 0.619423143868821   1.65858659908237 -0.667682310240223 1.89219296194222 1776669964.89565
 0.338037980668828   1.52393608886401 -0.541446988074389 1.65221539764391 1776669964.91013
 0.260823931544294   1.66629521736727 -0.681671955322837 1.8191331807652 1776669964.95764
0.0181693606094294   1.13341756968906  -0.39831355591354 1.20150705439848 1776669964.97327
-0.263348604642263  0.818260144318367 -0.299052533525181 0.910128875025274 1776669964.98416
-0.375533074852023   0.78880457268655  -0.22113056832509 0.901186147500505 1776669964.99595
 -0.447721703237792   0.698191052963156 -0.0470431314460686 0.83074576508352 1776669965.0101
 -0.573166115272747   0.779892188319061 -0.0352058494832116 0.968499185820918 1776669965.05764
-0.112151610266675  0.555809477363918 -0.111193430061827 0.577811507069455 1776669965.07279
 0.227881834472963  0.466001549748157 -0.112297959209316 0.530752679214175 1776669965.08434
 0.273787052258983  0.472724193100014 -0.125904070910989 0.56060623239372 1776669965.09593
 0.269357681240541  0.378707386763703 -0.140152247539266 0.485402408031709 1776669965.1101
 0.359524683698252  0.455111571569039 -0.156871912480127 0.60082721117601 1776669965.15766
  0.258847844109703   0.379953039864639 -0.0583798706545618 0.463437944281933 1776669965.17382
  0.297030586347132   0.363956866329196 -0.0312966793203505 0.470819765845031 1776669965.18576
 0.323854036654812  0.364988198968589 -0.103354043787073 0.498778388476376 1776669965.19716
  0.289807152734271   0.375256849970675 -0.0503002729017988 0.47679765800584 1776669965.2106
  0.272695369289226   0.435987575489409 -0.0527569407467013 0.516944121941503 1776669965.25785
-0.0410970865193566   0.315247674296761 -0.0552875652242092 0.322686816492892 1776669965.27432
-0.0633912552279396   0.215882392603618 -0.0766774386818599 0.237703782633863 1776669965.28677
 0.0126125747538831   0.203904939693039 -0.0561752191502731 0.211877220860869 1776669965.29745
  0.068883036229488   0.162298342457985 -0.0426661227589093 0.181400172756479 1776669965.31006
 0.0927808251907106   0.206946320561138 -0.0868005782622758 0.242836161853065 1776669965.35867
-0.0528778798717178   0.227167881399954 -0.0582432696982457 0.240402984558458 1776669965.37539
 -0.130791218003896    0.19272468650831 -0.0430074618996728 0.236851829791794 1776669965.38627
  -0.10129015672458   0.249162619027319 -0.0278127339428579 0.27039832606586 1776669965.39777
-0.0297599348910262   0.241720239566472 -0.0156991850817133 0.244050798714163 1776669965.41006
-0.00168029100269357    0.345969345394022   0.0401150535999103 0.348291298851329 1776669965.45758
0.0581907957797723  0.285602574400971 0.0203481407371801 0.292179818004949 1776669965.47408
 0.121878605585348   0.20989431482909 0.0188068311838683 0.243441399100853 1776669965.48614
0.0849047658753659  0.172434414753796 0.0133025159029649 0.192663965466258 1776669965.49738
0.0338667995661715  0.183941218672074 0.0284748447257364 0.189188130762947 1776669965.50984
0.0128631528985986  0.271643243559782 0.0551780098157496 0.277488964179476 1776669965.55583
 0.155553151106463   0.24784639892863 0.0135457361160619 0.292930208834742 1776669965.57358
 0.198161060892261  0.235411588452986 0.0500698927089994 0.311758586389846 1776669965.58595
 0.197329546081787   0.16663522358192 0.0572592324402336 0.264546531246745 1776669965.59722
 0.158312722958408   0.11574166380996 0.0371772964850514 0.199602611120047 1776669965.61008
   0.159047038089823    0.136104114430948 -0.00585589928443365 0.209414855840286 1776669965.64385
 0.137475580983002  0.159017881995241 0.0292099146965538 0.212224977977255 1776669965.67347
  0.123362640018771   0.176459937254455 -0.0121196673916066 0.215646323284053 1776669965.68581
  0.165460484119904   0.175494566668345 0.00623467051881728 0.241276575431146 1776669965.69647
 0.152061212834373  0.145544106444361 0.0868246643301855 0.227693262318843 1776669965.71005
  0.16856890162611  0.168171858298145 0.0643344675828657 0.246649898110774 1776669965.73308
  0.0587978758705501    0.218933536741416 -0.00415504048653702 0.226729680629684 1776669965.77323
-0.0209467247194101    0.13188215507241 -0.0110695851203878 0.133993297659814 1776669965.78621
-0.0344136177249633 -0.0232502982600972 0.00600401344327793 0.0419633367540101 1776669965.79822
-0.0591573905519957 -0.0885776136540386 0.00101282334678466 0.106520497129413 1776669965.81026
-0.0824448063699074  -0.131380691599947 -0.0667387864244409 0.16885525705781 1776669965.828
0.00309043366642647  -0.158159708114927  -0.089959371968735 0.181980033674727 1776669965.87406
  0.107497422558292  -0.036965642159726 -0.0472017785889469 0.123085996193381 1776669965.8876
  0.156416368523299 -0.0586376901039602 -0.0166826269489244 0.167877244094194 1776669965.89769
  0.142437287067395 -0.0708503935870051  0.0168716933482235 0.159977539220322 1776669965.91004
 0.0810419751672533 -0.0679333765724638  0.0186349190035057 0.107377863630327 1776669965.92449
-0.024725970470985 -0.141214470315873 0.0102603244910846 0.143729518544337 1776669965.9716
 -0.149359624736311 -0.0836490143327505 0.00438376458524727 0.171244481639997 1776669965.98587
-0.302433804972597  -0.12057687158424 0.0226582901715191 0.326371546653108 1776669965.99604
 -0.574293968106223  -0.201591438974265 -0.0288318510359839 0.609330735893954 1776669966.00753
 -0.832193188703187  -0.208005413805659 -0.0891379935762701 0.862413669531765 1776669966.02199
 -1.32477582989652 -0.267809868780411 -0.209766003577125 1.36775542461031 1776669966.07143
 -1.28463499263005  -0.35384498270992 -0.120513633525494 1.33791512135266 1776669966.08614
  -1.19096361484627  -0.400510876572213 -0.0855201515298979 1.25941136665429 1776669966.0983
  -1.20793565263575  -0.404907023849819 -0.0441381461389747 1.27475739449358 1776669966.11045
  -1.40111617899305   -0.42902863445312 -0.0333706024178066 1.46570996903293 1776669966.12755
 -1.87405223716256 -0.294471580334829 -0.196017856136594 1.90714663808614 1776669966.17064
 -1.41298807943013 -0.259848819003341 -0.133687695146721 1.44288915762186 1776669966.18613
  -1.11716769623245   -0.17386633294264 -0.0985658778889692 1.13490457551296 1776669966.19791
  -1.10502258133211  -0.165252275686059 -0.0724082756252269 1.11965449056945 1776669966.21009
 -1.20498902451818 -0.189006107263012 -0.103824920688142 1.22413294700694 1776669966.22618
 -1.70621251737899 -0.147935154998118 -0.299895495147698 1.73867284805249 1776669966.26824
 -1.31101640730245 -0.204405110132454 -0.148546869034648 1.3351448017217 1776669966.28374
-0.881329784924848 -0.127736514522881 0.0822983367934408 0.894333172356421 1776669966.29753
-0.759644835875774 -0.138019881895182  0.115867845943307 0.780727303349021 1776669966.31011
 -1.02256677935455 -0.157499682117011  0.083345073021933 1.03797657454469 1776669966.32593
 -1.91422251724779 0.0752734859796979 0.0145807801988355 1.91575743307476 1776669966.36369
 -1.99151864314383 -0.203650999985696 -0.147530832828954 2.00733295255666 1776669966.38221
  -1.41879903153947  -0.270298815382608 -0.0265500947212498 1.44456119601223 1776669966.39661
-0.800258258374991 -0.210738543638832 0.0491053742981611 0.828996593272464 1776669966.41006
-0.140198155072473 -0.229337031327617 0.0207055404463589 0.269591758088161 1776669966.42668
0.0530705887046406 -0.280616950135302 0.0517503028085448 0.290242060924104 1776669966.4585
  -0.54231646110614 -0.0266597699705373  0.0533969171824779 0.545590614001159 1776669966.48133
 -0.945799969634704  0.0632536714316648 -0.0399500542557104 0.948754244441429 1776669966.49623
  -1.0099703021979  0.104518071285736 0.0219458381947024 1.01560113152806 1776669966.50981
 -0.69857145402565 0.0646059524568023 0.0999247765109677 0.708633167748397 1776669966.52706
-0.181602153144285 0.0665767311468761  0.168230983664414 0.256346380940984 1776669966.55251
-0.0157344764214529  0.0775460280264609   0.194608660314163 0.210079725057444 1776669966.57886
-0.249891502115618 0.0190095613322421  0.101359046932992 0.270334575381708 1776669966.59374
 -0.619537910361779  0.0130674222559472 -0.0259172599490357 0.620217449176594 1776669966.60996
  -0.795649587179064 -0.00306895081819583  -0.0584055280355166 0.797796270825107 1776669966.62354
 -0.681634227826459  -0.034991068897545 -0.0927402986145418 0.688803570282762 1776669966.65151
-0.0854534834659659 0.00440601523846092 -0.0339981736714121 0.0920738107158662 1776669966.6788
0.130970327891147 0.149048066033386  0.13168393333721 0.238136958650617 1776669966.69549
-0.00925452650760725    0.131703935059124    0.054433257363199 0.142809496456315 1776669966.71006
-0.454086118613329 0.0375458942586723 -0.059489096531065 0.459502829043614 1776669966.7241
  -0.82981364175428 -0.0236443152574205  -0.125119750169799 0.839526465079002 1776669966.75152
-0.585914928214698 -0.149687571041247 -0.156738111535323 0.624715541376011 1776669966.78147
-0.0102567375885805  0.0184070390486279  0.0562820195302131 0.0600973000632974 1776669966.79581
 0.529999141893338 0.0730878628383725  0.197266731003577 0.5702237186077 1776669966.80985
 0.907287617510154 0.0940642655352132  0.165624099655141 0.927065396465917 1776669966.82442
  1.02335635226696 0.0717904697005539 0.0829778084240648 1.02922175062317 1776669966.85557
  0.440021010828862 0.00185710620501718 -0.0102789120099814 0.440144970261412 1776669966.88221
  0.132546990399714 -0.0637040892340106 -0.0501573401964961 0.155379131239506 1776669966.89743
  0.130369937058959 -0.0303801531139307  -0.027243562566938 0.136607049208017 1776669966.91008
  0.563045024229063 -0.0502915162624664  0.0930833983761157 0.572899166494708 1776669966.92586
  1.66834338828278 -0.113366001908774  0.128399111370569 1.67711294891441 1776669966.95424
 2.37999493931329 -0.10429184668615 0.246031760009945 2.3949497546662 1776669966.98265
  2.04260553837827 0.0478013959600669  0.244359518382022 2.05772542704152 1776669966.99751
  1.83772265327406 0.0602884556314511  0.271592148097575 1.85866122333989 1776669967.01049
    1.96104460094208 -0.00113953025309611    0.220197020618579 1.97336868154498 1776669967.02566
  2.43268934314977 -0.178866227252792  0.248749582688736 2.45190679317422 1776669967.04964
  2.84031521995885 -0.344501001226601  0.151868963577641 2.8651589259017 1776669967.08532
   1.72122077261318  -0.272982377409886 -0.0407273552393562 1.74320940908322 1776669967.09828
   1.52802818967391  -0.152371044246829 -0.0724243873872018 1.53731336280259 1776669967.11013
  1.71167696239424 -0.142312133830441 -0.116934830567404 1.72155874765469 1776669967.12257
  2.22387739381149 -0.236275403535387 -0.183002445453728 2.2438686735332 1776669967.1425
  2.98658005371807 -0.482708866791675 -0.294944885476181 3.03968102813675 1776669967.18642
  2.12678460050489 -0.211464670614847 -0.256665600542658 2.15262799256279 1776669967.19944
   1.48204452663565 -0.0948635922735202  -0.296103025745104 1.51430911042796 1776669967.21019
  1.26924230009381 -0.142995778426558 -0.266169445941079 1.30471068936674 1776669967.22153
  1.28119169160198 -0.241323900179765 -0.131826976840561 1.31036930948906 1776669967.23968
  1.68653734717387 -0.345160109429882 -0.344583954896758 1.75564285278248 1776669967.28856
  2.04516627435163 -0.253109947785012 -0.269827824389042 2.07835915814076 1776669967.29983
  2.21665246501467 -0.286132732230379 -0.311092583513319 2.25659005728249 1776669967.3101
   2.1086419971487 -0.305578914872821 -0.477070818815722 2.18342531622211 1776669967.3214
  2.08624368168637 -0.359133669312425 -0.554073565020086 2.18823837989927 1776669967.33587
  2.68679124623009 -0.348946663914092 -0.714328929768628 2.80194161162931 1776669967.38804
   2.0712008278964 -0.278814562312158 -0.533760883781486 2.15696803654835 1776669967.39967
  1.02442427627179 -0.284741978287345 -0.308565226012468 1.10712943720149 1776669967.41045
 0.593805305752829 -0.242752064943913 -0.295087066601545 0.706122994279502 1776669967.42125
 0.453958346697073 -0.271421550224113 -0.227985428419389 0.575955895910072 1776669967.43398
  1.00491459324902 -0.241935256605262 -0.246220878958253 1.06254916561469 1776669967.48451
  1.15926950006734 -0.164796034732575 -0.272601449686791 1.20223752113353 1776669967.49967
  1.15959475417224 -0.100416994990165 -0.293419393274199 1.20034932712775 1776669967.51024
   1.07445981821149 -0.0274684073493988   -0.24565190637389 1.10252586067561 1776669967.52014
      1.02527699487 0.00558814932325238  -0.267177173720024 1.05953187105416 1776669967.53383
   1.02960183963034 -0.0173145094467715  -0.272920744643456 1.06530064923677 1776669967.58361
 0.667085838589611 0.0432648614191016 -0.114814907429453 0.678275627785971 1776669967.59985
 0.255540412910521 0.0052266752155384  0.101940471365161 0.275172819272616 1776669967.61046
  0.151019155132818 -0.0182034482795318  0.0678518966620856 0.166559390689742 1776669967.62267
 0.224690463646516 0.0223780373464641 0.0476012498117406 0.230764945329238 1776669967.63371
 0.388036414364068  0.081784794327461 0.0626829371796142 0.401484946254739 1776669967.6817
 0.488319035728894 0.0723723674205483 0.0216514076946556 0.494127537864884 1776669967.70086
 0.684517967160077 0.0596178376686774  0.057826941026095 0.689538315861917 1776669967.71007
 0.742177619460957 0.0461988983172195 0.0385446617739766 0.744612414606235 1776669967.72131
 0.817416358845198 0.0780501945619897 0.0212100513787055 0.821408061111158 1776669967.73614
 0.770438011592186  0.110574128845553 0.0132613774064852 0.778445394235711 1776669967.78069
 0.527360321484028  0.104992924224188 0.0402743462133615 0.539216511037818 1776669967.79768
 0.283340276388893 0.0856127335638488 0.0905713202011332 0.309539038596725 1776669967.81025
  0.167387726019908 -0.0291650089741909   0.159730169423532 0.233201577170161 1776669967.82127
 0.195583648394937 -0.041126618959586  0.158119267111962 0.254845178370212 1776669967.83605
  0.134234934285978 -0.0468375000277986   0.194978947052898 0.241308016413611 1776669967.87874
  0.13297938814511 0.0165797533633525 0.0929094178538108 0.163066139400464 1776669967.89767
   0.171782279059456 -0.00151756895267938   0.0246143627841435 0.173543427618727 1776669967.91013
  0.158222566082262 -0.0214184215021592  0.0179505175808637 0.160671560267276 1776669967.92132
  0.199675310411337 -0.0015372405359057  0.0365700859697069 0.203002374085036 1776669967.93631
 0.0997363003678885 -0.0164943649510888  0.0468408100269111 0.111415686374005 1776669967.96938
  0.042748316675872  0.0263386721066136 0.00296834067846792 0.050298660750996 1776669967.99644
   0.0306943249475967 -0.000170050387116573   -0.0327829293231338 0.0449098091303938 1776669968.01004
 -0.0192085999731176 -0.00358760832699821  -0.0291899177677025 0.0351268066541841 1776669968.02056
-0.0252261234324697 -0.0040916125435379 -0.0356280769971804 0.043845848915874 1776669968.03555
 -0.336117642346408 -0.0189352947776847 -0.0895610105991219 0.348360143392383 1776669968.06771
 -0.593395489644144 -0.0287099852471128 -0.0500040385432703 0.596190300368548 1776669968.09715
-0.771838911275521 -0.017869080614259 0.0712167251981594 0.775323436347006 1776669968.11049
 -0.752006865412616 -0.0069202035928813   0.115315290389562 0.760828384751189 1776669968.12143
-0.802911041764074 0.0239391259224404  0.182328650984413 0.823700770733157 1776669968.13395
    -1.07488299030824 -0.000259512550562307     0.194775768437376 1.09238780209737 1776669968.16187
 -1.36389942760877 0.0926188232973039   0.23072952137859 1.38637513216882 1776669968.19656
 -1.03898549309686 0.0982480953377819  0.221453179551959 1.06685756023797 1776669968.21038
-0.715636761747264 0.0667668706675177  0.179382499527964 0.740791381510168 1776669968.21988
-0.665963574767655 0.0937909137413755  0.135585805416044 0.686066854649074 1776669968.23016
-0.857226817114668   0.12629057372109  0.126688924703196 0.875692416681679 1776669968.25047
 -2.24317242986199 0.0166391001512327  0.183584949655872 2.25073384554614 1776669968.30168
 -1.99720262802153 0.0354159712812046  0.118195799321537 2.00101046358463 1776669968.3101
  -1.90667007494517 -0.0812357051108749   0.161749737446413 1.91524228024557 1776669968.32125
   -2.0919056976234 -0.0416849573676727   0.173509814123224 2.09950297428155 1776669968.33161
  -2.46871139727894 -0.0419013195061675   0.338741925909524 2.49219537275876 1776669968.3462
 -3.19054274294663 -0.100327608897425   0.22883125905774 3.20031129248366 1776669968.39741
-1.99337475424138 0.067148895705065 0.227555151689573 2.00744445305512 1776669968.41005
-0.767530542526133  0.308932033245135 0.0878031113670405 0.832016539043044 1776669968.42194
-0.445382330639213  0.279895486009935  0.025068432354119 0.526626366444985 1776669968.43126
-0.489498298225226   0.15982461311408 -0.300392172144459 0.596144234232056 1776669968.44554
-0.865438782642387  0.148699454233369 -0.497203382052966 1.00911199443657 1776669968.49444
  -1.89922595977534 -0.0718713703324364  -0.176483543307429 1.90876168790564 1776669968.51158
  -2.69398705373414  -0.265609306428539 -0.0715858716134564 2.70799539998931 1776669968.52201
 -2.95699584036504 -0.281875594351932 0.0543223477205616 2.97089703087961 1776669968.53391
 -3.17974683961621 -0.214855365090433  0.465816921721774 3.22085985359807 1776669968.54988
 -3.47181497551513 -0.196576529352536  0.675195187956773 3.54231987515856 1776669968.59395
  -2.8298568719876 0.0428668304205018  0.566567342333491 2.88633435944011 1776669968.61021
-1.80612506563603 0.335181574341423 0.577591778408382 1.92562891102666 1776669968.62221
-1.40005735450208 0.317469487263333 0.526579704823881 1.52912839773873 1776669968.63591
-1.31306739147922 0.311580351326115 0.302570799783609 1.38303195146759 1776669968.65314
-1.56339657656662 0.302484133512416 0.302574703264253 1.62088153722054 1776669968.69366
-1.37976985650691 0.162489437282327 0.253128983267999 1.41217631913431 1776669968.71014
 -1.13079460935406 0.0941849522709121  0.238889744304843 1.1595842201895 1776669968.72367
-0.992198110282699 0.0568976556646934  0.235880767222637 1.02143730576783 1776669968.7383
 -0.790254589385182 -0.0210535447969563   0.153915562795944 0.805379145659764 1776669968.75607
 -0.639162218595974 -0.0787023598587448   0.147289292631419 0.660618300421451 1776669968.79365
  -0.362961242016932 -0.00575244216582758    0.109414471573632 0.379137811866717 1776669968.81005
-0.318804097860025 0.0902418145453479  0.141622281889301 0.360328334484417 1776669968.82449
-0.336806470492033 0.0794372058155809 0.0691819295371993 0.352895179348738 1776669968.83796
  -0.36037590700249  0.0416047162211623 0.00925382560444003 0.362887558408977 1776669968.85596
 -0.383933098959763  0.0338278823320016 -0.0343103299131362 0.386944632781827 1776669968.89358
 -0.303901563628293  0.0366176622014696 -0.0233716953649259 0.306990634555932 1776669968.91016
 -0.390614171809485  0.0470280103413154 -0.0376012081324824 0.395227675938939 1776669968.92542
 -0.634247602580036  0.0184419026739884 -0.0178082930061088 0.634765516118 1776669968.93847
 -0.955631506989153 -0.0131273609552177 -0.0312998448937088 0.956234063943749 1776669968.95942
  -1.24662974060921 -0.0432934949841799 -0.0203442598979369 1.24754716375379 1776669968.99322
 -0.758004684921372 -0.0125331460422432 0.00653312929707674 0.758136441474011 1776669969.0102
-0.322884645237468  0.109656532330958  0.110632644171907 0.35849495278099 1776669969.02587
-0.0422737319498172  0.0842063807847355   0.151367789867414 0.178297478353381 1776669969.03977
 0.340303994639425 0.0766037586403309 0.0692465065006334 0.35562624097206 1776669969.05924
 0.335475107703336   0.10287306034959 0.0693620589550545 0.357683532828588 1776669969.09193
 0.196989260772917  0.106828313007591 0.0162667312578182 0.224681249475167 1776669969.1099
0.0685624174553134  0.126027085945365 0.0505528295892466 0.152115811336877 1776669969.12564
0.116281261776901 0.133729055588334 0.090229981896605 0.198862368944045 1776669969.13983
 0.415568035417049 0.0568861463458468   0.11190234200131 0.43411399407511 1776669969.15569
   0.929674120578295 -0.00201727052446958     0.14130210252967 0.940353297454048 1776669969.19141
  1.03625481128279 0.0102859238632218 0.0921220773435333 1.04039238332013 1776669969.20997
 0.915019440946701 0.0756482741705144 0.0628466980533446 0.92028959906738 1776669969.22398
 0.856437453084042 0.0397719444240135  0.110421142232468 0.864441870376644 1776669969.23733
  0.966198004248617 -0.0331831016566985  0.0629490215586039 0.96881488477663 1776669969.25311
   1.38200502379394 -0.0579484123894474  0.0592655322923564 1.38448846423798 1776669969.29048
   1.25520185432665  -0.119493022115648 -0.0284271092185855 1.26119720027358 1776669969.31009
    1.21037918103461  -0.0477989482428967 -0.00921256033693503 1.21135765676497 1776669969.32355
   1.39420828440156 -0.0213886024927805  0.0146481319316243 1.39444927493961 1776669969.33581
   1.73923816681209 -0.0480155813819499  0.0547134412118242 1.74076088467101 1776669969.34997
  2.63378226568565 -0.206384312699779 0.0238157466569679 2.64196341711191 1776669969.38972
   2.63608221809826   -0.14361732555458 -0.0708347765041316 2.64094168097966 1776669969.41002
   2.09223470402306 -0.0656682023782313 -0.0912023272723703 2.09525087615348 1776669969.42268
    1.84680991828543 -0.00130912942923465   -0.130874045979103 1.85144176360161 1776669969.43372
   1.75491993657412 -0.0899708018492366  -0.135274168796893 1.76242385075622 1776669969.44609
  1.75092001300419  -0.13067881789454 -0.140731947441001 1.76142082604227 1776669969.46415
  2.13405283911935 -0.179877182076828 -0.297750364090099 2.16221936909765 1776669969.5101
  1.97004070201713  -0.22156306700114 -0.224294494202706 1.99510866380575 1776669969.5218
  1.98023358981828 -0.181647167341612 -0.224453630560469 2.00117470399753 1776669969.5331
  1.92203165998489 -0.162389038419337  -0.24145688359169 1.94393346810451 1776669969.54372
  1.95730496726657  -0.16791557444288 -0.229130296288631 1.97781168661331 1776669969.5598
  2.37207261982708 -0.243151916764106 -0.358568494465707 2.41131141364668 1776669969.61004
  1.79566929926406 -0.156784030708161 -0.273168217099464 1.82308264745126 1776669969.62216
  1.36662372040811 -0.205810815570022 -0.245363933386155 1.40364594709436 1776669969.6341
  1.10866967393716  -0.16417680324225 -0.214343587822316 1.14107214595367 1776669969.64411
  1.23751818303082 -0.125480341753761 -0.149002002692962 1.25275622780534 1776669969.65993
  1.68992311241674 -0.103393258624027 -0.242401881165607 1.71034761490225 1776669969.71004
  1.40914688002726 -0.164560364780937 -0.258880104988712 1.44214907409268 1776669969.72347
 0.969694694870334   -0.1932358947431 -0.308364434749089 1.03572995365344 1776669969.73367
 0.734946707330198 -0.181225952198136 -0.222314532616774 0.788931720605931 1776669969.74397
 0.590320653985223 -0.202831612143422 -0.169568847307036 0.646817386426245 1776669969.75946
  0.71413819862453 -0.226319269494019 -0.173370367765365 0.768941521117239 1776669969.81008
 0.580061619556517 -0.169399880000005 -0.180880362233992 0.630781663706584 1776669969.8238
 0.427057968120207 -0.152456896928696 -0.171845904559182 0.484925384435431 1776669969.83433
 0.440045866974788  -0.14975885012074 -0.142996408111831 0.486329159072294 1776669969.84397
 0.529354892023197 -0.139095075497697 -0.172387273045693 0.573830474656697 1776669969.85808
 0.891429297343517 -0.117327604349445 -0.214584999612031 0.924369342288693 1776669969.90829
 0.875280309932702  -0.13809967580531 -0.272657411442683 0.927107979378909 1776669969.92404
 0.805837253902215 -0.126024072966474 -0.297837992307744 0.868310552973779 1776669969.93446
  0.65825775704446 -0.125890833019644 -0.258003470388839 0.718134783505344 1776669969.94559
  0.596320815527575 -0.0880987555014057  -0.291885835048429 0.66974416492739 1776669969.95863
  0.785413724133285 -0.0803444045103237  -0.365902307626767 0.870180693947888 1776669970.00785
  0.572688324201527 -0.0126275621157929  -0.234855215845753 0.619102854469027 1776669970.02497
  0.402717993967359  0.0618693728608274 -0.0648086694990579 0.412564862301098 1776669970.03496
 0.269947549758979 0.0693550045144027 0.0357850584810462 0.281002431808982 1776669970.0456
 0.207563525084964  0.103852645638841 0.0391016723071126 0.235365523662868 1776669970.06137
-0.0919131640991117   0.057339284857913  0.0297248249187511 0.11233605182299 1776669970.11001
 -0.258418489609545  0.0967191650639226 -0.0405571174566014 0.278889928895128 1776669970.12558
 -0.298350940772999   0.115629903750006 -0.0178217042886934 0.320470235193727 1776669970.13865
   -0.277912491007735    0.0439500896950972 -0.000812604543091457 0.28136741703416 1776669970.14569
  -0.274505953077458   0.0436147780549019 -0.00393649611057042 0.27797709103696 1776669970.16029
 -0.794945372927833 -0.0428200262551781 -0.0206598706196754 0.79636582726903 1776669970.2066
  -1.07188681976776 0.00338840375362934  0.0779446798387395 1.07472238684556 1776669970.22724
  -1.28612933407701 -0.0169048580034397   0.170170342836297 1.29744841276196 1776669970.23676
 -1.28663473941125 -0.026070019379528  0.274349888319958 1.31581779125815 1776669970.24631
    -1.2858912147308 -0.00397591223169115    0.343980377588849 1.33111025995824 1776669970.25953
 -1.77055818397204 -0.103252536718254  0.430300817997886 1.82501949664621 1776669970.31003
-1.34990160058235 0.205797049596207 0.448898975442705 1.43739244711763 1776669970.32669
-0.588862355846909  0.289891194328606  0.480788273704651 0.813605028754577 1776669970.33776
-0.384350061479634  0.230250799598562  0.524265836044749 0.689634009688381 1776669970.34844
-0.45244423771759 0.190876959582832 0.562451050133521 0.746653189733854 1776669970.36045
-0.807332845934178  0.167796586236546  0.920292390164591 1.23566990004276 1776669970.41006
-1.14120017587751 0.337432753983435  1.15146333502564 1.65591863229812 1776669970.42719
-1.85662873453512  0.36111626981814  1.15239417251702 2.21483352581634 1776669970.43761
-1.96588658812321 0.270296150448106  1.13568992994089 2.28638616670039 1776669970.4478
-1.87869968916585 0.240057985686119   1.1827144210867 2.232924933895 1776669970.45976
-2.08433618355934  0.25408362701009  1.91515810676795 2.8419793084272 1776669970.51012
-1.50340225252382 0.193447767010328  1.05668010916168 1.84775897360909 1776669970.52713
0.013524904104512 0.393388755704608 0.852305774728733 0.938809229706334 1776669970.53785
0.519631424369609 0.439110520428148 0.793965907015811 1.04557004922985 1776669970.54842
0.543621236031851 0.411377821661829 0.674884325288443 0.959283385105812 1776669970.56029
0.604555615701266 0.546463786129156  1.01786391024894 1.30390072544416 1776669970.61014
-0.0831642507385256   0.558813765790719   0.573105725148023 0.80476039268564 1776669970.62757
-1.57759288705654 0.386234386678371 0.570193374745244 1.72136480832727 1776669970.63842
-1.82796158894329 0.241447770166809 0.568414668539112 1.92946516728886 1776669970.6494
 -1.7318667233695 0.178672767530567 0.590692104036634 1.83853296602015 1776669970.66068
 -1.9778941650112  0.16221019354439 0.958996370079461 2.20409879830752 1776669970.70986
 -1.05151819728245 0.0210407639557339  0.795587046324918 1.31874636729129 1776669970.72719
  1.74624025664582 -0.268651875728936   0.83724939733391 1.95512542247272 1776669970.73855
  1.92338984097384 -0.247630534900043   0.78917509396976 2.09369211946705 1776669970.74962
  1.63092091138335 -0.171110655196559  0.723188784314673 1.79225664826995 1776669970.76186
  1.78998675737826 -0.106645676033875   1.16656120788552 2.13922671625744 1776669970.80958
  1.14414922156987 0.0152520953880012  0.817305663046136 1.40616450477174 1776669970.82813
-2.09958173878409 0.762631890627221 0.656390269239855 2.32823947737127 1776669970.83974
-2.49397319907601 0.766755925208639 0.608913153244318 2.67928949438949 1776669970.85127
-2.40062127599806 0.647765281480771  0.62118643541314 2.56289971676765 1776669970.86357
 -2.6642703889793 0.845036340595049 0.795053475779598 2.90594789214593 1776669970.91001
-1.83681394936677 0.403230061058129  0.73340058000419 2.01850349949654 1776669970.9279
 1.36292432403025 -0.36034977927339 0.821373581300356 1.63158488486314 1776669970.94088
  2.16966752199868 -0.494831129068677  0.856187869327623 2.3844019522503 1776669970.9516
  2.07012625083753 -0.426398887555562  0.777937564718844 2.25220460001216 1776669970.96389
  2.37002791325442 -0.502283392991949  0.910883027091413 2.58824821173005 1776669971.00995
  1.46687869578097 -0.520411843284785  0.410465126596848 1.609671772418 1776669971.0297
 -1.4767438682349 0.805893694331569 0.405255070297232 1.73045334260545 1776669971.04056
-2.38710392647903 0.939949716386842 0.322517970443083 2.5856891666258 1776669971.05218
-2.35518605755929 0.861959066437251 0.297372281594788 2.52553065152572 1776669971.06447
-2.54513234937433 0.925902808947395 0.378947693978888 2.73470218528824 1776669971.10929
-1.77942549376522 0.564239591396871 0.458901789725834 1.92231949919229 1776669971.12933
  1.37351643838448 -0.209200489727324  0.621570855472056 1.52205866502799 1776669971.14168
 2.09899659657607 -0.60605602297585 0.683747889880491 2.28923607178012 1776669971.15352
  2.22724859113929 -0.700840259111669  0.664971659437515 2.4277563023044 1776669971.16717
  2.39208775945498 -0.795796204911585  0.690025670140743 2.61371591305161 1776669971.20984
  1.72227304242825 -0.679134219845718  0.359286847395685 1.8858777160654 1776669971.23144
-0.920503702272152  0.656568606464425  0.324876843081721 1.17641589757284 1776669971.24347
-1.83410404879782 0.782678667491644 0.196794608601496 2.00380929140915 1776669971.25543
-2.09006424683146 0.914039054354845  0.12944363218254 2.28486139682075 1776669971.26753
  -2.2993877013917   1.07050940248063 0.0699319658076156 2.53733416442387 1776669971.30989
 -1.62526791198063   0.71937210551207 0.0916126963625247 1.77971483615706 1776669971.33234
  1.24864049317855 -0.212005854771681 0.0957643824416875 1.2701261278342 1776669971.34412
  1.76023218469775 -0.505683982460206  0.153963600917118 1.83788966604907 1776669971.35611
  1.90524313524453 -0.726236747260932   0.20494224693449 2.0492370634085 1776669971.36801
   2.1142054488516 -0.882263492008093  0.171134436478114 2.29728982599775 1776669971.40851
  1.72340440584551 -0.736251299089618 -0.153014045636173 1.88031965890399 1776669971.43251
-0.215587905341283  -0.19392763693826  -0.28431880843841 0.406107446533226 1776669971.44548
-0.830117535983206   0.06031261954977 -0.289237994892312 0.881130724304351 1776669971.4563
-1.13446542144051 0.185106262552384 -0.29501679421927 1.18672281083315 1776669971.46978
 -1.27914856132399  0.265174414870218 -0.637556680844552 1.45362203943409 1776669971.50985
-0.948662957835632  0.196144286579739 -0.726358886322162 1.21079776200094 1776669971.53257
-0.0494443358570403   0.113565825192736  -0.677496011579679 0.688725478479214 1776669971.54554
 0.287548632568044 -0.044623593601563 -0.628172923267106 0.692298131388213 1776669971.55632
 0.435898031973034 -0.223538516793763  -0.59966940036167 0.77432548227373 1776669971.56976
 0.567293524511639 -0.304111575859169   -0.4316778830931 0.775017153536697 1776669971.60783
 0.561388591879308 -0.330504508101952 -0.263574477047882 0.702753076065135 1776669971.636
 0.250493512380804 -0.260329322822681 -0.288302027320253 0.462208194456952 1776669971.64753
-0.0197806327094193  -0.194080796753664  -0.292996468844775 0.352002215695341 1776669971.65826
  -0.2053610284507 -0.119369480743744 -0.303726878073661 0.385580395512703 1776669971.6707
-0.309916451854562 -0.176633143108565 -0.931020845765632 0.997019202234684 1776669971.70935
-0.0694041257486675  -0.129328120677058   -1.24953777859839 1.25812851315492 1776669971.73598
  1.03993572986176 -0.228384927062987  -1.24849177395642 1.64084054886193 1776669971.74841
  1.23425898098305 -0.273735876406739  -1.23179006302023 1.76511566802997 1776669971.75941
   1.2718485814958 -0.389487120970733  -1.22481022052771 1.80816456882776 1776669971.7712
  1.33072958420611 -0.478361949434728  -1.74892751609361 2.24909289214513 1776669971.80725
  1.24852699183897 -0.397031467035989  -1.65443433374923 2.11035698398528 1776669971.8368
  0.64930488410936 -0.171413168105943  -1.61926075458819 1.75299306846259 1776669971.84934
  0.475221230483606 -0.0502871161564989   -1.72096016026044 1.78607611404367 1776669971.85986
 0.465333384803838 0.0889208151529055  -1.81807636028535 1.87878783320759 1776669971.87197
  0.530045004992416 0.00462063736813337   -2.83864552040259 2.88771145513343 1776669971.91025
  0.40658544599498 -0.108815714886059  -3.10219595568256 3.13061852229784 1776669971.93931
 0.118557073143654 -0.339763597469873  -2.82303360187125 2.84587663103168 1776669971.95045
-0.00968759764219738   -0.496090448888327    -2.69839563325371 2.74363601386718 1776669971.96154
-0.0525791559894912  -0.607462178932758   -2.45797368589543 2.53247102787627 1776669971.97356
-0.136454854043348 -0.782172263868601  -2.50433546070639 2.6271866087716 1776669972.01041
-0.0380953328466277  -0.726579468359754   -1.58739544812468 1.74619394310987 1776669972.03994
 0.851621113342887 -0.391082164406644 -0.949025220938476 1.33373634950304 1776669972.0519
  1.27530712521457 -0.402811552328177 -0.901359622111297 1.61279712880595 1776669972.06256
  1.53343528248036   -0.3498763086944 -0.824983200363816 1.77607276816682 1776669972.07388
  1.64928062849857 -0.438009539530648 -0.930673739572607 1.94374189587778 1776669972.10988
  1.47697896337973 -0.527863457860886  -1.19783555875747 1.97355433526289 1776669972.14035
  0.58683564695378 -0.419818785040711  -1.08657188737602 1.30432448234502 1776669972.15219
0.0182958817004756 -0.508247286366467  -1.09489421290801 1.20724619727938 1776669972.16383
-0.385090008933832 -0.608088794019858 -0.986124670212404 1.2208636949286 1776669972.17587
-0.508279975264935 -0.788049489201464  -1.38221321070022 1.67029455202375 1776669972.21008
-0.561985681944552 -0.721519178227889  -1.24023589066205 1.54097465772401 1776669972.24167
-0.514010780220151 -0.547792469934216  -1.04159937448113 1.28421685443645 1776669972.2536
-0.534983279733068 -0.608714580315348 -0.998723029731924 1.2861524948463 1776669972.26544
-0.519662992491102 -0.509535972711756 -0.639129346086558 0.968588072547434 1776669972.27676
 -0.58192895300555 -0.598217297364276 -0.668063190217972 1.06902463364329 1776669972.31054
-0.664059046339001   -0.5640202443234 -0.631848803278315 1.07625562169753 1776669972.34084
-0.872335627124871 -0.431529131913392 -0.539607018636638 1.11281740308246 1776669972.35353
-0.978620567972456 -0.430616990675167 -0.541668882750001 1.1985551248301 1776669972.3667
-0.903599235160416 -0.445673073410411 -0.478533180162299 1.11539682206012 1776669972.37701
-0.923693482346457 -0.461404986554093 -0.455545433171821 1.12855033234234 1776669972.40579
-0.938056015357066 -0.473639439081455  -0.57461139454607 1.19769013561236 1776669972.44141
-0.596100503373021  -0.23921923859036 -0.596772339532102 0.876754743051863 1776669972.4538
 -0.26945463217607  -0.02939592053363 -0.688439137377393 0.739877263347165 1776669972.46607
-0.0862376625960906  0.0581300805699142  -0.624068088241338 0.632674497256133 1776669972.47857
-0.0808450624944718  0.0910250097276503  -0.604594988177885 0.616730554014855 1776669972.50872
-0.173438190496585  0.118468100809727 -0.608026452989472 0.643281947801391 1776669972.54332
  -0.11817622682782 -0.0300745788562158  -0.518947110237281 0.533081798699096 1776669972.55538
-0.0718488418059178 -0.0889742122751633  -0.495645318545156 0.508667817258539 1776669972.56663
-0.0643887953739762 -0.0932804430071136  -0.435823306973212 0.450321121998937 1776669972.57941
-0.0369537352078608 -0.0750572257507481  -0.207713066606555 0.223928300405086 1776669972.60796
-0.0494547052746356 -0.0432178879790295  0.0645368963053213 0.0920791219543975 1776669972.64365
 0.0355740687560436 -0.0388526756227741  0.0641494808994726 0.0830072326401743 1776669972.65594
0.0702503037119325 0.0536736122314169 0.0327801970953176 0.0942894646458189 1776669972.66777
0.0310974515334649  0.063095633037294 0.0383135941870872 0.0801001991245082 1776669972.6805
-0.0244556941286306   0.061151012684629   0.181907912926056 0.193463216433467 1776669972.70784
 0.148909611602441 0.0405699541112199  0.292562198926023 0.330775806014597 1776669972.74399
0.617758529884893 0.129156539600548 0.161988492890606 0.651572931294803 1776669972.75742
 0.848994249340368  0.327116236433853 0.0873449234183388 0.914016084759245 1776669972.76928
0.748622881162229 0.445898865871146 0.067960340674834 0.874002645699342 1776669972.78146
0.748672298633336 0.517090191537516 0.121526589477411 0.917965788510247 1776669972.80853
 0.49106559535757 0.497987632236628 0.272268929334537 0.750511472720772 1776669972.84595
-0.0339363651605581   0.183319521082927   0.326903716214228 0.37632932833498 1776669972.85808
 -0.497856116480835 -0.0910298126270358   0.407065343548492 0.649499294397264 1776669972.86983
-0.640429863988338 -0.285321741162709  0.527224356140624 0.877225414802909 1776669972.88215
-0.696628422410627 -0.249723793073818  0.973301741376122 1.22268941743326 1776669972.90786
-0.90903798558837 0.104580830361139  1.90221166276602 2.11085206001857 1776669972.94624
-0.698841507820351  0.327919216061533   1.75790999176685 1.91993697929613 1776669972.95856
 -0.5947113695847 0.543801740734292  1.68289227824268 1.86588541087275 1776669972.97017
-0.437158520881895  0.600562122214617   1.61656366878308 1.77906169939324 1776669972.9823
-0.384653142499955  0.756099670886309   1.97159337750373 2.14635160180387 1776669973.00991
-0.420698483321237  0.705386590852676   2.15825386807109 2.30924602748763 1776669973.04737
-0.475306993624519  0.423383866510369   2.11223644162374 2.20606287805515 1776669973.05993
-0.531406457262666  0.251175135613317    2.0988800891776 2.17962827113179 1776669973.07187
  -0.559786407407541 -0.00517527897479526     2.00700887823469 2.08361998520449 1776669973.08414
-0.614967314536066 -0.201306957985736    1.2216868799368 1.38247174361391 1776669973.10953
-0.635467568202747 -0.126901879080448   1.42483121175389 1.56526901813705 1776669973.14771
 -0.410579789721479 -0.0487740657562308    1.38396215990553 1.44440504473936 1776669973.16024
-0.137552778838595  0.080608452076001   1.36140228388327 1.37070590137888 1776669973.17196
-0.016149779993972 0.0221568407039265   1.31831199524543 1.31859707939606 1776669973.18458
0.0257503233872152 0.0879309431230622   1.40229015184406 1.40528025670038 1776669973.20985
-0.0905344964677043   0.134064264109855    1.80016428681353 1.80741837477681 1776669973.24901
-0.782262653375346   0.23431798321802   1.69769881068107 1.88388455801122 1776669973.26163
-1.36977848513108 0.232307467618714  1.67541365228221 2.17652722567236 1776669973.27361
-1.54131179462917 0.247171897804077  1.54691875091744 2.19765639199285 1776669973.28754
-1.65807094728784 0.264461873008568 0.717603702159653 1.8259502791337 1776669973.30953
-1.88787906980341 0.186962565754392 0.616354903091376 1.99472698627156 1776669973.34809
-1.80144084266602 0.103464095483163 0.617835865189988 1.90725328286373 1776669973.36182
-1.65538199288854 0.173003023860506 0.624343220908004 1.77764564695507 1776669973.37559
 -1.46704881851842 0.0840490393220439  0.849568510298834 1.697369473809 1776669973.38802
  -1.3620385486496 0.0409830024135906   1.18965637544893 1.80889770471982 1776669973.41025
  -1.13746486317483 -0.0869241806662406    1.86196973659166 2.18364681854118 1776669973.44788
 -0.572411705414914 -0.0741140549015383    1.82326667033557 1.91244592205545 1776669973.4633
 0.155823092247237 -0.014204615839329   1.80988778567962 1.81663876539638 1776669973.47577
 0.610985022331442 -0.132225749993005   1.63255235614383 1.74814574393137 1776669973.48847
 0.744449792402435 -0.237417436979804   1.63785531979437 1.81470178855062 1776669973.51003
 0.593416099022462 -0.379986112148044   1.81154482507504 1.94376612926056 1776669973.54876
-0.109542609171246 -0.395602003879458   1.35139559029576 1.41236346956734 1776669973.56367
-0.749321158128241 -0.468433045531126   1.10878583050743 1.41785673962437 1776669973.57633
 -1.09388935458881 -0.386892459614861   0.90257985762292 1.47001023628278 1776669973.59041
 -1.14273755497305 -0.119206672850814  0.223311201617733 1.17043891048013 1776669973.61018
 -1.24150725228715 0.0422611238143516 -0.146502397889504 1.2508354059008 1776669973.64809
-0.919046610321849  0.217367473414492 -0.338479170809781 1.00322651455928 1776669973.66341
-0.757582839250789  0.122141556176013 -0.367726839456627 0.850924994655313 1776669973.67622
 -0.635716039635198 -0.0310556680131791  -0.460906930023859 0.785833656513402 1776669973.69035
-0.666290727395887 -0.125021882317056 -0.484842478570855 0.833454277989243 1776669973.7102
-0.729145051838358 -0.124694486199304 -0.631943578886833 0.972910020713719 1776669973.74737
-0.946797021386647  0.189050897654171 -0.587142824752763 1.13000068064985 1776669973.76248
 -1.06694121857221  0.353667974948721 -0.467565533741418 1.21739974073251 1776669973.77599
-0.911402866338111  0.528362426232716 -0.418570055631494 1.13358851868533 1776669973.79463
-0.370105183997659  0.501082286281215 -0.437168789405399 0.7610373547185 1776669973.80994
 0.193119026330703  0.521545081027202 -0.544933917088666 0.778625201151483 1776669973.84801
 0.413034061999073  0.451248579945247 -0.544837688538319 0.819188942873275 1776669973.86284
 0.631571772971681  0.473924681638038 -0.497251135075822 0.933137824554605 1776669973.87748
 0.83327367882469 0.552326711052975 -0.47230282663264 1.10565807536047 1776669973.89145
 0.961606834735901  0.539003752123127 -0.507006148608177 1.21337050571542 1776669973.9098
  1.24415571623504  0.654073498212842 -0.679565581614085 1.56126390050471 1776669973.95081
   1.3782354642986  0.756051415522342 -0.595416012469381 1.68097203006732 1776669973.96578
  1.53744685508775  0.734210037563782 -0.578164372300716 1.7991890542343 1776669973.9779
 1.65934474569595 0.621329983330153 -0.61137486515832 1.87436793586562 1776669973.99135
 1.67847214435479 0.532336537210131 -0.66691831900751 1.88293148373796 1776669974.00964
  1.79486321263676  0.502974515733502 -0.871080401534352 2.05749808784634 1776669974.05164
   1.35219868877609 -0.0125690278658234  -0.754320679627282 1.54841821292009 1776669974.06644
 0.670630531688837 -0.392839865505413 -0.777792307003614 1.09955870366141 1776669974.07863
 0.316412146592007 -0.505071042836421 -0.712580509332359 0.928969529695778 1776669974.0917
 0.0359145882684921   -0.49893486919205 -0.0871293030253857 0.5077572025997 1776669974.10831
-0.480672078226377 -0.699910671028952  0.636852901831878 1.06136808543424 1776669974.15175
-0.999365237798388 -0.254456964523081  0.621459718954015 1.20403131503983 1776669974.1661
-1.17838402509344 0.136771071759612 0.706453740548408 1.3807143528625 1776669974.17863
-1.25865742946054 0.346945576871641 0.794361817259558 1.52826714116575 1776669974.19259
-1.28225878087541  0.27578331468439 0.912967955517404 1.59804709116848 1776669974.20971
-0.884126195178523 -0.128954577117043   1.48315595703162 1.73149068863758 1776669974.25355
 0.175812223410637 -0.049889777469985     1.389439526349 1.40140683785171 1776669974.26747
  1.02466318631349 -0.260356499655876   1.32184474241842 1.69262921969296 1776669974.28055
  1.14388878045814 -0.298728697671989  0.963971271493815 1.52543796633499 1776669974.29365
  1.36058417668777 -0.359067815559652  0.434461204783987 1.47271026902316 1776669974.3099
  1.53737039265347 -0.390674474935808 -0.452635858304379 1.64954948085736 1776669974.35383
  1.65414700595761 -0.141539826868044 -0.701839269080667 1.80244672585129 1776669974.36928
   1.66645720468878 -0.0489360139235416  -0.691932699062574 1.80506099856761 1776669974.38132
   1.68670926565887 -0.0873060411388648  -0.725147505580297 1.83805587415838 1776669974.39366
  1.73366152176415 -0.130781711708291  -1.76156126685686 2.4750321664684 1776669974.41001
   1.82030330200623 -0.0819982202660949   -2.93913695555433 3.45814312354576 1776669974.45777
