-0.177280636078 -0.409450182671 0.0611793527304 0.450356291416   0.676218144517 -0.0161138209517    9.76774639934   1.12613201469  0.687943542661 -0.682927106008 1776669964.01
-0.145243035434 -0.388067794952 0.0420083854855 0.416481520925    0.71279331087 -0.0547407596848    9.75369366848   1.21773871111  0.931871968852 -0.719500866739 1776669964.05
-0.113214918631  -0.36042402812 0.0233261262456 0.378506546856   1.03989184695 -0.148608092215   9.70013287719  1.79235340157  1.82432248884 -1.03464099565 1776669964.06
-0.0845484509854  -0.326290639139  0.0069722674801 0.337138894623   0.98600526775 -0.220162171177   9.66339454775   1.66124284112   2.41299701251 -0.940261429351 1776669964.08
 -0.0620353957727   -0.286084483833 -0.00564142149958 0.292787547302  0.827691046037 -0.264860558054   9.62484920713   1.28116825075   2.94273493617 -0.714037383626 1776669964.09
-0.0474388063857  -0.241052929284 -0.0137101632013 0.246058780869  0.314563683068 -0.137016971801   9.69437770652  0.384530665307   1.71404149887 -0.211687777797 1776669964.11
-0.0412176956961  -0.193289799139 -0.0171017628082 0.198374179723  0.194502775888 -0.111016976273   9.67699541145  0.0916148453706    1.77723324805 -0.0481957256647 1776669964.15
-0.0425155970863  -0.145547760676 -0.0163001107565 0.152503836818  0.161346173431 -0.114211721029   9.55144936574 -0.268439185983   3.02572655548  0.158992209695 1776669964.16
-0.0494174896329  -0.100865385866  -0.012245156824 0.112986097433  0.0284020726966 -0.0113739778425      9.536788747 -0.553371734281   2.73392707502  0.333775678171 1776669964.18
 -0.0594102866609  -0.0620797293497 -0.00610978819224 0.0861440913181 -0.0499029098186  0.0924613228467    9.55142919913 -0.637076454607   2.15947741568  0.409328513383 1776669964.19
 -0.0699308063653  -0.0313320608093 0.000934871070502 0.0766347812509 -0.0483222835092   0.110200048268    9.66624167134 -0.359598401535  0.968398807603  0.259224720566 1776669964.21
 -0.0788666309914 -0.00968377717211  0.00791576197922 0.0798522404943 -0.0461412594631   0.152542189819    9.68334516444 -0.280885508876  0.645670143659  0.248615403971 1776669964.25
-0.0848936059463 0.00306285330941  0.0141786388863 0.0861239757653 -0.0509538354025   0.300862863468    9.63111625924 -0.28828592052 0.594707555939 0.380442918648 1776669964.26
-0.0875815961662 0.00829440098456  0.0194166593558 0.0900907305734 -0.00938242987437    0.285658522056     9.67715308612 -0.0781111167701   0.172250462908    0.31113273722 1776669964.28
-0.0872622088176 0.00828609115182   0.023613274124 0.0907796183576 0.0294758473064  0.213692850913   9.71898362446 0.0899995130938 -0.079759384222  0.235427856423 1776669964.29
-0.0847111759807 0.00575057670617  0.0269253318815 0.08907314952 0.0346471228291 0.0693168347997   9.76794432351   0.120688193683 -0.0913516189453   0.109724577278 1776669964.31
-0.0807400515993 0.00334932308259    0.02954294232 0.0860404517555   0.0445756051429 -0.00325344569173     9.76785343922 0.166061567594 -0.04607966984 0.086499141875 1776669964.35
-0.0758091156856 0.00328038444411  0.0315622902555 0.0821824866337 0.0811014402197 -0.143542813704   9.71865343919 0.354901807161 0.118854932906 0.108487676704 1776669964.36
-0.0697644467765 0.00702500111097  0.0328980051673 0.0774513228979  0.077982066096 -0.280210196092     9.685161571  0.464295347943  0.397080127636 0.0557284231123 1776669964.38
-0.0617705681635   0.015286596151  0.0332473084657 0.0717960070849 0.0679442128103  -0.37197176433   9.65753359819   0.613334014394   0.669906191522 -0.0252290754167 1776669964.39
-0.0504632270204  0.0281065102318  0.0321040626866 0.0660846732587 0.0375762040807 -0.247966444469   9.70939978456    0.49892352286   0.541451522521 -0.0805540812477 1776669964.41
-0.0342946500714  0.0451045482057  0.0288111629705 0.0635659217197 0.0425004077749 -0.252787593765   9.70734606126  0.694740910723  0.680341483569 -0.170990676764 1776669964.45
-0.0119966837183  0.0657757833866  0.0226366192549 0.0705888846183  0.101296396452 -0.405805448408    9.6483503058  1.64801722168  1.43682263202 -0.51298485187 1776669964.47
0.0169453835223 0.0897781347219 0.0128614746438 0.0922641697891  0.145680559265 -0.308030546725    9.6972968405   2.03834078119   1.63854828167 -0.757757055355 1776669964.48
  0.0519279315876    0.117162464914 -0.00112747785096 0.12815937137  0.222125555497 -0.184186142826   9.76414104811  2.46826865369  1.95568639704 -1.08560355964 1776669964.5
  0.091082233162   0.148519077748 -0.0197456841229 0.175339047831   0.183428210166 -0.0172024766117    9.83085661499   1.54023906527   1.31502052954 -0.813821919263 1776669964.51
  0.131421495043   0.185032232839 -0.0431297915432 0.231016699542   0.23128218578 0.0614267012588   9.86897269381   1.40288566087   1.43342922262 -0.920795691795 1776669964.55
  0.169302993132   0.228442856487 -0.0710865316329 0.293092028454 0.536756161574 0.206274291198  9.95722680524  2.22700444297  3.06221695934 -1.91502772018 1776669964.57
 0.201156619042  0.280920716604 -0.103095857597 0.360567871912 0.735930178008 0.256691576828  9.96387003951 1.93507702603  4.0915229182 -2.3655777938 1776669964.58
 0.224355958144  0.344846733456 -0.138387248743 0.434057480231 0.823894810749 0.173556028251  9.87697375609  1.22079126296  4.68595282549 -2.41575874748 1776669964.59
 0.238043439628  0.422509132568 -0.176089220344 0.515932224013    0.525509428418 -0.00105254877538     9.75793908265 0.360383917372  3.18566265676 -1.43618207851 1776669964.61
 0.243686997306  0.515726083523 -0.215424238091 0.609724813534   0.54405517941 -0.151174286054   9.62918531067 0.127854485172  3.64490654202 -1.43353264165 1776669964.65
 0.245161132236  0.625422032479 -0.255894357206 0.718845339082  0.967846389936 -0.600138036561   9.19981645812 0.142894234937  7.42129122905 -2.58318210412 1776669964.67
0.248221022321 0.751203183709 -0.29738844248 0.845198074334  1.04169386728 -1.09274443556  8.74424676593  0.50828010397  9.50057111158 -3.01410039862 1776669964.68
 0.259369282335  0.890995166896 -0.340148670016 0.988355163777 0.819682201478  -1.3251983514  8.51658429446   1.1633490195  9.34438314998 -2.81276884586 1776669964.69
  0.28427695813   1.04081573625 -0.384565215102 1.1454262047   0.34003614648 -0.837660511314    8.9689483608 1.15066690724 5.23984670047 -1.5640790188 1776669964.71
 0.326073771366   1.19475057566 -0.430818777148 1.31124286886  0.216074439773 -0.889517535423   8.86428416497  1.73479753815  5.29889510779 -1.63447754294 1776669964.75
 0.383922148011     1.345179443 -0.478448115868 1.47845072599 0.133090676277 -1.56943802036  7.96540521505  4.18811040125   9.5731384409 -3.15702033493 1776669964.77
 0.452296107113   1.48326825515 -0.525965858408 1.63746650942 -0.179492028385  -1.33037461369   7.92814944927  4.97870660805  9.22576202568 -3.34242896869 1776669964.78
 0.521278909433   1.59970755507 -0.570661868266 1.77664034939 -0.494201389118 -0.703575206536   8.28135771331  4.43276644316  7.13754263217 -2.91820625576 1776669964.8
 0.577980340711   1.68564223244 -0.608707081399 1.88307602634 -0.370608003087 0.0190064292419   9.31235566348   1.4230356952  2.17621019029 -1.05471123992 1776669964.81
 0.608897491273   1.73370029419 -0.635602124793 1.9443412576 -0.507147593126  0.389958962151   9.56220094706 0.404125952169 0.869613898011 -0.62288796759 1776669964.86
 0.602772644036   1.73899127231 -0.646919988407 1.95087953933 -1.47380349886   1.7188356345    9.856234384  -2.11946739464  -1.28831681814 -0.137150290567 1776669964.87
 0.553319321243   1.69991714124 -0.639198576518 1.8985403284 -1.86267397669    2.538052538  10.5028770868 -5.84968096269 -4.97145708046  1.49290081939 1776669964.88
 0.461156191191    1.6186359706 -0.610777962912 1.79044607793 -1.87661527176  2.64827411479  10.9324449354 -8.22011375808 -7.46808619966  2.88518424308 1776669964.9
 0.334430069198   1.50105325071 -0.562370464455 1.63745683056 -0.849130416466   1.14383794958   10.4459673618 -4.40782749177 -4.23176929339  1.83199399833 1776669964.91
 0.187893846939   1.35628831756 -0.497203877816 1.45672021823 -0.829764713795  0.991836094889   10.5200626003 -4.65409796634 -4.83660561019  2.24406154013 1776669964.96
0.0405607304201   1.19566000311 -0.420675793276 1.26815461949 -1.83279567586  1.77396439276  11.5495902804 -10.3889545945 -12.2537516049  5.94410188943 1776669964.97
-0.0876089877729     1.0313332634  -0.339573299546 1.08932715962 -1.80611656304  1.17510781315  11.7416782413 -9.69699909286 -14.1495726288  7.04170708896 1776669964.98
 -0.17930290291  0.874841529435 -0.261016573903 0.930390716027 -1.14158720948  0.17535756172  11.2983683433 -5.21884543998 -11.3962813384  5.71437282273 1776669965
-0.222979311346  0.735727978655 -0.191349615414 0.792231094558 -0.249369491813 -0.259705661867    10.319842974 -0.576542392048  -4.12226038165   2.03921720692 1776669965.01
-0.214871780585  0.620525147357 -0.135210270001 0.670449966596 0.00507512856546  -0.514661084139    10.1804101792  1.01275878822 -3.24594170547  1.53738319425 1776669965.06
 -0.159484372384   0.532223577746 -0.0949633354674 0.56366234292 0.585775563439 -1.58088646124  10.3609986739  5.48158508914 -5.62734291391  2.42043830673 1776669965.07
-0.0685238052641   0.470285713234 -0.0705891358181 0.48046538903  1.23523728594 -1.94186931846  10.0960472901  8.68448169895 -4.36784043653  1.51065119261 1776669965.08
 0.0414492847838   0.431164449146 -0.0600112589523 0.437289579818  1.45130340708 -1.57812834222  9.79343362973  8.56610771563  -2.3713663322 0.420797885896 1776669965.1
   0.15211406811    0.40920625429 -0.0597506133822 0.440634297424  0.662451811317 -0.495620593929   9.71517230352    3.32312174168  -0.541032195597 -0.0926899505601 1776669965.11
  0.246575776608   0.397768129398 -0.0657327358838 0.472588500644 0.609219474003 -0.26301131682  9.66611419081   2.50933090197 -0.295740568339 -0.224591150887 1776669965.16
   0.31202834569   0.390359342031 -0.0740633258335 0.505200436123    1.13316698657 -0.0558065095338    9.45295500176   3.37542045648 -0.574183085439 -0.565304731049 1776669965.17
  0.341442037811   0.381630701998 -0.0816206369518 0.518542752595 0.919648152822 0.537104706001  9.45143119108  0.944312529652 -0.955089994153 -0.527692297688 1776669965.19
  0.334065435685   0.368070742131 -0.0863778957336 0.504516528375 0.390328819546 0.943299223873  9.63110651472  -1.87827411158  -1.34091440188 -0.234416758259 1776669965.2
  0.294785937875   0.348322551736 -0.0874435206473 0.464622124441 -0.0215766861403   0.488400575822    9.82760337305  -1.67166731097  -0.74096187322 0.0248189980777 1776669965.21
  0.232606490247    0.32309934754 -0.0848715497308 0.407065286704 -0.152948733355  0.478884913819   9.92242898769   -2.1369661617 -0.840942282934  0.127258022286 1776669965.26
  0.158631217285   0.294742732076 -0.0793353995279 0.343993091249 -0.501137565017  0.908245786207   10.2477376129  -5.1390942141 -1.95632265327 0.453074054559 1776669965.27
 0.0839927952417   0.266525888091 -0.0717694335691 0.288516360489 -0.662341475172  0.775396827794   10.5200480278 -6.07541165369 -2.28692544073 0.703312512072 1776669965.29
 0.0181044130778   0.241845193281 -0.0630674879338 0.250588059013 -0.552956310249  0.307806421741   10.5665598121 -5.00141100435 -1.84899477968  0.76745381191 1776669965.3
-0.0324992008673   0.223459422949 -0.0538940327286 0.232152705186   -0.13874515627 -0.0662111023035     10.069728409 -1.35132749977 -0.47248195679 0.301287719816 1776669965.31
-0.0646205409263   0.212921007138 -0.0446233929472 0.226941439117 -0.0583339625189  -0.210476978739    9.98573193783 -0.699589613121 -0.201450031959  0.283326550683 1776669965.36
-0.0781980728094   0.210300223555 -0.0353864626981 0.227141639425 -0.0140707761348  -0.733883778688    9.99540865397 -0.397872370165 0.0477630279893  0.668114921665 1776669965.38
-0.0756033559882   0.214239451299 -0.0261808390656 0.228691596399 0.0303715703989  -1.00617194698   9.71897343667 0.783361407297 0.536256919804 0.821652199698 1776669965.39
 -0.060661873093   0.222304782826 -0.0169930915962 0.231058530413 -0.0411646310385  -0.852097861798    9.44499874092  1.59602679735 0.727338455155 0.768879627794 1776669965.4
  -0.037635587847    0.231542054157 -0.00789001620159 0.234713469301 -0.0827340166675  -0.234802252478     9.5824097254 0.840895123934 0.280946180096 0.299954631515 1776669965.41
 -0.0103722105202    0.239106745635 0.000945670059923 0.239333476244   -0.15837885715 -0.0795785932828    9.56091935168 0.872800044778 0.176319268595  0.26754762505 1776669965.46
 0.0182385027347   0.242829494899 0.00923759547352 0.243688612259 -0.527899628405  0.169954101007   9.27424033687  1.98892546244 0.087322716917 0.550798654572 1776669965.47
 0.046442254408  0.241601154566 0.0166794576923 0.246589142484 -0.784485656105  0.598943444732   9.30082572508   2.36928620564 -0.314218732499  0.591070261058 1776669965.49
0.0734557036342  0.235506496589  0.023012733856 0.247767302628 -0.785507645872  0.869341875619   9.54276746576   2.22044309958 -0.671401530696  0.481536329476 1776669965.5
0.0990561654291  0.225692140549 0.0280895720056 0.248068720863 -0.266214688024  0.405314214936    9.8137105469  0.848796419168 -0.367772996222  0.152029187034 1776669965.51
 0.123070066469  0.214009206469 0.0318992360568 0.248925175455 -0.146960411804  0.358758723366   9.91235731873  0.719458350199 -0.363588532694  0.101330682127 1776669965.56
 0.144920112048  0.202514141364 0.0345491884583 0.251410943977 -0.0324537080317    0.61491128825     10.188659265   1.33826445277 -0.699784096655  0.143031329938 1776669965.57
 0.163370156775  0.192936120181 0.0362064381955 0.255391974741 0.345758481067  0.49218692681  10.4003247475   1.33856774786 -0.689295372383  0.104447416949 1776669965.59
 0.176553849684   0.18622435028 0.0370175447965 0.259270262657 0.681220502832 0.147824923257   10.378804488  0.784417876526 -0.441829502957 0.0342759782461 1776669965.6
  0.18229992644   0.18227377939 0.0370335947312 0.26043901584   0.478856009243 -0.0919352964182    10.0420699365  0.0457998967692  -0.135746779775 -0.0182325563902 1776669965.61
 0.178689450874  0.179894620198 0.0361673797992 0.25612511316  0.390867580318 -0.170485645892   9.90204344133  -0.277431071617 -0.0825201604255 -0.0446562483298 1776669965.64
 0.164714558388  0.177043120169 0.0342029941134 0.244223252272  0.556535134793 -0.365319042373   9.80407690843 -0.901198053603 -0.205388543161 -0.126368288068 1776669965.67
 0.14086787433 0.171274851796 0.030863941936 0.223900459553 0.798110532571 -0.77039409704  9.53840182011  -2.40068412059 -0.726572573221 -0.359720608564 1776669965.69
 0.109486226946  0.160328138574 0.0259275326206 0.195868789901  0.442650182053 -0.753860244075   9.35554022442   -2.7301182886  -1.17882934986 -0.474877251286 1776669965.7
0.0747060335471   0.14270703476 0.0193557398106 0.162237276487 0.0508497070827 -0.477642821392   9.43775924419  -1.84441033468  -1.15279382191 -0.396752989088 1776669965.71
0.0419590530924  0.118122286999 0.0114016933497 0.125870709196 -0.104994332792 -0.251477267103   9.59529405458 -0.912733778241 -0.871046257172  -0.26437813511 1776669965.73
 0.0170364944361  0.0876714511177 0.00265145476466 0.0893507453585  -0.24967343022 -0.259425331304   9.60745722334 -0.698278900943  -1.21262449581 -0.328004582329 1776669965.77
 0.00485872452361   0.0536942093866 -0.00602555206756 0.0542492636205  -0.67750899972 -0.447469050687   9.58579923252 -0.354377418006  -2.73590606911 -0.651246489961 1776669965.79
0.00818243256014  0.0193152850873 -0.0136198323592 0.0250106432164 -0.711298326142 -0.324943938285   9.85844062436  0.901187136337  -2.74141641149 -0.547541607411 1776669965.8
 0.0265309835875 -0.0122329263618 -0.0191931429991 0.0349558910011 -0.468704044421 -0.110423882105   10.0978932923   1.59299535778  -1.93631991437 -0.285029133954 1776669965.81
 0.0556266299999 -0.0383541512204 -0.0221088580437 0.0710926471935 -0.129548228898 0.0426194308305   10.0548423531   0.956130485786  -0.712997700403 -0.0474694661361 1776669965.83
 0.0875280975917  -0.057719188606 -0.0222214958032 0.107174938661 -0.0206264613715   0.171639620777    10.1694004851  0.938252063081 -0.541476759857 0.0358671414731 1776669965.87
  0.111543876331 -0.0706246791041 -0.0199712749103 0.13352428044 0.244535258001 0.794850815647  10.8823377238   1.19736268355 -0.899649113239  0.248375292677 1776669965.89
  0.115826801133 -0.0789816714748 -0.0163513456214 0.141142902029 0.513808502804  1.22010709923  11.0168815048  -0.98678263533 -0.681606652606  0.321853200135 1776669965.9
 0.0893962819449 -0.0859228279896 -0.0127475218026 0.124647209786 0.566879379759  1.28946532071  10.8052121331  -3.41899496439 -0.601833907355  0.211530242776 1776669965.91
 0.0242192130579 -0.0951070396747 -0.0106836638765 0.0987221350593 0.267143720936 0.626431889672  10.2055258078  -2.80131569337 -0.389005522253 0.0197715693584 1776669965.92
-0.0830611580616  -0.109871180785  -0.011530324382 0.138216427121 0.253300604526 0.616426859164  10.1450857611   -4.14358991239  -0.607818876722 -0.0905650175104 1776669965.97
 -0.230113960833   -0.13241490733 -0.0162425364566 0.265988651345 0.538606496728  1.28154007025  10.4562631333  -13.3330214559  -2.18235073522 -0.558695774271 1776669965.99
 -0.408866830483  -0.163199096824 -0.0251826126512 0.440953732554 0.469142112017 0.872100405114  10.2928607124 -17.3721829116 -3.15172009448 -1.00704549907 1776669966
 -0.606467408855  -0.200694220919 -0.0380593137618 0.639944841121  0.284582830751 0.0631564678107   10.0003832492 -15.3484349066 -3.01929449986 -1.10999439615 1776669966.01
 -0.807117772551  -0.241541734772 -0.0539840061903 0.844213113691 0.0842576401999 -0.284797339021   9.80281361677  -6.07153171955  -1.25830304251 -0.525131833945 1776669966.02
 -0.994462857297  -0.281104877704 -0.0716173631659 1.03590799472 0.0673460405679  -0.58436492016   9.72535721162  -5.40858389099  -1.13416893428 -0.551500845869 1776669966.07
  -1.15409957501  -0.314303106147 -0.0893649416464 1.19946586628 0.146164696175 -1.96437491066  9.45207686495 -10.4698614464 -2.06429101817 -1.26415063667 1776669966.09
 -1.27574572741 -0.336564035907 -0.105579982552 1.32361234656 0.148840699562 -2.50950777457  9.29224172411 -8.25113864386 -1.25052217635  -1.2086049091 1776669966.1
 -1.35467190899 -0.344701353278 -0.118744245273 1.40287390729 0.0915660064813  -2.05912157868   9.33583224686   -3.97885062364 -0.0334449404532  -0.753244586538 1776669966.11
 -1.39214001713 -0.337542408924 -0.127614830535 1.43814959239 0.00808108017563  -0.833746081113    9.59293164075 -0.66633000683 0.473819689661 -0.20922698035 1776669966.13
  -1.3947789225 -0.316181712109 -0.131337808885 1.43618548167 -0.0561138338996   -0.55281068241    9.63967289985   0.326333458138   0.917288178252 -0.0327387638707 1776669966.17
 -1.37302568501 -0.283814081503   -0.1295324384 1.40802294625 -0.313413706725 -0.365026532058   9.63493598509  2.04774410052   2.6033479143 0.329822149306 1776669966.19
 -1.33893482692 -0.245185726963 -0.122343218387 1.36668590925 -0.615633569202  0.541197088405   9.88990262821  2.89005488758  3.25701527962 0.796545724794 1776669966.2
 -1.30377826373 -0.205774072584 -0.110446732583 1.32452980738 -0.742336892077   1.13632514477   10.1291921438  2.23004287573  2.62978047018 0.967572957281 1776669966.21
  -1.27590107135  -0.170853102613 -0.0949940772777 1.29078975874 -0.44919275787 0.756415169044  10.0712696549 0.765642160017  1.05165865726 0.566970735504 1776669966.23
  -1.25925156794  -0.144613797527 -0.0774739748411 1.26989364853 -0.505130070619  0.809079476855   10.1411598745 0.400067299855 0.718603356229 0.616676467287 1776669966.27
  -1.25287340153   -0.12949065977 -0.0594984941999 1.26095188728 -0.990156010201   1.35778710736   10.4781197458 0.266207150478 0.642302743119  1.19288259167 1776669966.28
  -1.25145538642   -0.12580322551 -0.0425390409051 1.25848186548 -0.967298838383  0.962959244942   10.4266249902   0.229665977071 -0.0862792561269    1.20718190153 1776669966.3
  -1.24681726284  -0.131765786229 -0.0276659123242 1.25406575267 -0.661562279959  0.238884687383   10.1431375781  0.755149214784 -0.635700004202  0.957001549343 1776669966.31
 -1.23000775045 -0.143858282726 -0.015358424868 1.23848704187 -0.179359912192 -0.222624038719   9.81439742568  0.994115628753 -0.480131254865  0.414688002004 1776669966.33
   -1.19354799872   -0.157493415778 -0.00544503170836 1.20390641232 0.0141216906193 -0.473922790107   9.63524715533   1.71814318508 -0.426554129126  0.322591274595 1776669966.36
  -1.13330836995  -0.167865315663 0.00279744053238 1.14567641648 0.332056208744 -1.04000872429  9.23248219141   4.37275501474 -0.405093006413  0.481299425194 1776669966.38
 -1.04958490151 -0.170830189429 0.0104006664161 1.06344703345 0.693526063669 -1.18180600357  8.88319420744   6.6859091547 0.151130336812 0.559479857943 1776669966.4
-0.947138264948 -0.163657069631  0.018376237894 0.96134916419  0.822049872144 -0.756101322538   8.83592925447   7.1618873569 0.842222212718 0.564895014963 1776669966.41
-0.834224765239 -0.145504310724 0.0273872317359 0.847261779995  0.545840021378 -0.113754021047   9.20600449442  4.67039002442 0.952310413374  0.39496378338 1776669966.43
 -0.72090466766 -0.117527172679 0.0375082754852 0.73138433597 0.446114510962 0.286209904227  9.33099254914  3.97377657674  1.15118009677 0.379783605843 1776669966.46
-0.617074657578 -0.082597180158 0.0481408018736 0.62443651719 0.504980584352 0.976282365681  9.25382879237  5.04149899252  1.93027878763 0.546059611351 1776669966.48
 -0.530691422729 -0.0446987158327  0.0581108325332 0.53573149078 0.402947969833  1.90018727723  9.28994827008 5.28504892227 2.61410903518 0.62455442012 1776669966.5
 -0.466542323846 -0.0081403606505  0.0659297827867 0.471248068081 0.0955275191823   2.07962978156    9.5272562276  3.40401249164  2.20351690799 0.390644332957 1776669966.51
-0.425734673893  0.023242859363 0.0701556646949 0.432101909687 -0.122226912424   1.51142417871   9.72797738321   1.42059802401   1.28507770517 0.0897905591896 1776669966.53
-0.405889487918 0.0467263967923 0.0697634162019 0.414483494001 -0.229594334093   1.05134105068   9.81706915607 0.460272304974 0.729828750326 -0.11057532117 1776669966.55
-0.401890587427 0.0610511299025 0.0644273871286 0.411575233629 -0.396040049895  0.839190763039   9.87634140993 -0.0262452897023   0.478379822692  -0.366787958102 1776669966.58
-0.406971642823  0.066451119873 0.0546398876589 0.415965367209 -0.585807254014  0.229883419814   9.92895590959 -0.386506057899  0.107342049163 -0.732956710354 1776669966.59
-0.413910478494  0.064389343396 0.0416332817454 0.420952731193 -0.593049188397 -0.818544742983   9.92751735833 -0.307039021064 -0.313793125433 -0.923147170749 1776669966.61
-0.416122265122 0.0570992063576  0.027127517874 0.420896615718 -0.364518339319  -1.33968123921   9.86901347395  0.130528919295 -0.417144422751 -0.689873237569 1776669966.62
-0.408487852458 0.0470597108547 0.0129735441218 0.411394281485 -0.20376951394 -1.48344317992   9.8254865642  0.512338472053  -0.37234641402 -0.476661696527 1776669966.65
  -0.387813890583   0.0365258504199 0.000790401749805 0.389530969518 -0.152372429579  -2.25216173851   9.78711137057   1.26395803956 -0.451482391909 -0.483813449315 1776669966.68
  -0.352890084984   0.0272003387407 -0.00830797537018 0.354034310431 -0.0665874014816   -3.32027262667    9.71750468654   2.67491470992 -0.525867358259 -0.467543411987 1776669966.7
 -0.304173699197  0.0200828414801 -0.0138289131446 0.305149469349 0.0748769391974   -3.3141403824   9.64970572376   3.83490699357 -0.409511538462 -0.263219164556 1776669966.71
 -0.243180744634   0.015484998362 -0.0158381712678 0.244187443175  0.13707904496 -1.75385401549  9.66765934287    3.19567281947  -0.166847215145 -0.0221047213498 1776669966.72
  -0.17169546137  0.0131661055382 -0.0147452755814 0.172829687676  0.146485585677 -0.701802044698   9.69333579563    2.65385590307 -0.0515087496494  0.0842397959994 1776669966.75
-0.0909342328074  0.0125300423474 -0.0110054992742 0.0924508392162   0.231857743677 -0.0437868718177    9.65461007012     3.85796721198 -0.00767518126486    0.223816135464 1776669966.78
-0.000826759642302    0.0128261730851  -0.00483249758424 0.0137312519611 0.397691162403  1.29669055594  9.58202489527   6.74294514029 0.0274638855875  0.528135958215 1776669966.8
  0.100399446361  0.0133093407348 0.00398056303007 0.101355968065  0.4003518033 2.46011777581  9.6171492073   7.58311812184 0.0176593910746  0.730005700255 1776669966.81
 0.216151493521 0.0133314670507 0.0160553956406 0.21715656079 0.235626426482  2.05930291082  9.72001778726   5.47692821223 -0.020823814279  0.617430267256 1776669966.82
 0.350809071528 0.0123572589608 0.0322099784613 0.352501332235 0.159863748809  1.81628011044  9.77018942187    5.05876969194 -0.0590690250827   0.640385399364 1776669966.86
  0.50849920738  0.009917851588 0.0530634467861 0.511356565491 0.164927497494  2.42912367433  9.80891412591   8.13787430822 -0.162924482643   1.10719406326 1776669966.88
  0.691527300706 0.00553590253362   0.078566211834 0.695998062843 0.140645684791  3.05937015756  9.90837262946   14.0097720665 -0.403763256716   1.95731815213 1776669966.9
   0.898850505844 -0.00133211813191    0.107599786033 0.905268866331 0.0186932557887   2.04302500884   10.0254492287   15.2530460566 -0.592089600559   2.08381536789 1776669966.91
   1.12504752728 -0.0112923963409   0.137792159692 1.1335105364 -0.0662615582409   0.535497901739    10.0370674434   10.4452038468 -0.534170846713   1.31435883969 1776669966.93
   1.36016184756 -0.0249237180293    0.16564830751 1.37043817994 -0.107595061623 -0.250591223904    10.059143944   8.19651550615 -0.551361758124  0.866592818914 1776669966.95
  1.59058524461 -0.042608105328  0.187012055936 1.60210810499 -0.202255490366   -1.2037029348   10.2244833486    10.184620811 -0.910557198216  0.742533864547 1776669966.98
   1.80087337522 -0.0643255829882   0.197779423617 1.81284290401 -0.385260483557  -3.12612779495   10.5521734565  13.8498816563 -1.68383787808 0.276318917214 1776669967
    1.9761381354 -0.0894827702265   0.194704219664 1.98772202018 -0.429220856366   -4.1501069651    10.577343441   10.7881986467  -1.86610903331 -0.770286672917 1776669967.01
    2.104518322 -0.116849141059  0.176098912954 2.11510328744 -0.332424081668  -3.56757495021   10.3262225439  5.18795152667 -1.40934094686 -1.33999499083 1776669967.03
  2.17922169761 -0.144651747497  0.142249805878 2.18864486445 -0.230591033227  -2.57989606284   10.0832387796   1.59596414304 -0.904800849339  -1.35199511901 1776669967.05
  2.19974184672 -0.170834267495 0.0954318495953 2.20842835 -0.297417398551  -3.24703593884   10.0182645817 -0.147717105117  -1.00291059995  -2.11227276751 1776669967.09
  2.17203663008 -0.193434049195 0.0395073207385 2.18099075702 -0.607763952628  -6.04276783968   9.90500460749 -3.71215819755 -1.61877072261 -4.68573523619 1776669967.1
   2.10765796641  -0.210989530695 -0.0208026047777 2.11829446344 -0.627791937735  -5.27814181652   9.56187260537 -6.17562052186 -1.21176692422 -4.95199342863 1776669967.11
   2.02199936364  -0.222874037651 -0.0808018133565 2.03584950236 -0.445572550141  -2.84646206478   9.38175478011  -5.42828065777 -0.570784185398  -3.57894312806 1776669967.12
  1.93195050136 -0.229465185996  -0.13664905124 1.95032304363 -0.186711654695 -0.661772961233    9.4971992591  -2.64216894504 -0.144462500807  -1.64680175781 1776669967.14
  1.85331282059 -0.232097096573 -0.185940168017 1.87702190165 -0.126514292029  0.329130661082   9.40037785339  -2.34615450382 -0.058466231017  -1.60273796899 1776669967.19
  1.79835076995 -0.232794494764 -0.227915573469 1.82762257515 -0.00420793064058      3.6118620335     8.83454340971   -3.34314561682 -0.0733464178998   -3.25301675378 1776669967.2
  1.77384673236 -0.233840530328 -0.263263906191 1.8084583235 0.408121027428  6.88568001138  8.93908188482 -0.831274665147  -0.20272206742  -2.97432517886 1776669967.21
  1.77999389309 -0.237271166776 -0.293597018284 1.81958101638 0.648764407424  7.08935353298  9.41407845064   1.23856870278 -0.358266608733  -1.94906541357 1776669967.22
  1.81037949848 -0.244407945923 -0.320753450974 1.85474848668 0.429022717619  3.71235753879  9.78987526567   1.09143589197 -0.272422617716 -0.783612168646 1776669967.24
  1.85315669292 -0.255532616298 -0.346125307537 1.90244300178 0.600587698742  4.40082770749  9.98167165865   1.37815228913 -0.421701690709 -0.821811739281 1776669967.29
 1.89327720343  -0.2697738671 -0.37018652715 1.94790004192 1.83982615377  11.749890218   10.80566643  2.89003182635 -1.37872037104 -2.14544073603 1776669967.3
  1.91540294286 -0.285227850806 -0.392334362773 1.97586680032 1.77178859658 9.93132542669 11.1965268799 0.632189541867   -1.368499702 -1.89551534075 1776669967.31
  1.90690944157 -0.299283551435 -0.411060529006 1.9735361717 1.22947042159  5.9077743187 11.1197901352  -2.13720039715 -0.925559419779  -1.24306287135 1776669967.32
  1.86031822584 -0.309083441883 -0.424373364168 1.93297936556 0.313695122565  1.12897764701  10.2858301766  -1.98526830279 -0.191206212874 -0.289078449593 1776669967.34
  1.77459621359 -0.312026973168 -0.430326893532 1.85249393752  0.118836892158 -0.106357394523   10.1773887381   -3.21777095756  0.0448549609928 -0.0489545991817 1776669967.39
  1.65502873126 -0.306221755208  -0.42749660229 1.73656131755 -0.269348634534  -3.70616824508   10.2480578514  -11.733425901 0.947408365715 0.671768554808 1776669967.4
  1.51174064458 -0.290802859499 -0.415277741886 1.59448477022 -0.818559260652  -6.66442382412   9.47917224034 -13.799796671  1.8610605988 1.55468746539 1776669967.41
  1.35729847605 -0.266069421065 -0.393954260553 1.43814187385 -1.08421999699 -7.73303183531  8.76599418809 -13.0737018932  2.43813442468  2.15478589905 1776669967.42
  1.20406024901 -0.233423077523 -0.364566368534 1.2795139911 -0.453923200919  -3.07014594843   9.18755506667 -4.66797785187  1.12129754382  1.03200321255 1776669967.43
  1.06196955598 -0.195128297692 -0.328662520973 1.12866002103 -0.417789284704  -2.75779073434    9.0659759015 -4.06097377644  1.20994451009  1.16503123464 1776669967.48
 0.937305367131 -0.153944946751  -0.28803847486 0.992575720478 -0.886819651368  -5.71688402868   7.81306380321 -8.91765511448  3.20408555927  3.27006149638 1776669967.5
 0.832566004427 -0.112704319938 -0.244541335366 0.87502507402 -0.807455503444  -4.83910832383   7.53406510553 -9.27897470707  3.90870347869  4.30112587205 1776669967.51
  0.747303702321 -0.0739080685782  -0.199966128287 0.777117544884 -0.440964720987  -1.93997913987   8.29372520701 -6.48969499712  3.10617186777  3.75210293168 1776669967.52
  0.679459603687 -0.0394227874526  -0.156020846294 0.698256409703 -0.0917471141531  0.0695582891198    9.47513250755 -1.90080727675  1.00184106698  1.34963504585 1776669967.53
  0.626660132864 -0.0103215683433  -0.114305266511 0.637083315467 -0.0523955519835   0.673017334923     9.7187501792 -1.39998366637 0.795740963123  1.20834683672 1776669967.58
  0.587038005885  0.0131090048927 -0.0762503832294 0.592114505231 -0.11681459172  2.59756061212  10.0726547502 -2.50651425262  1.54747055977  2.65667213238 1776669967.6
  0.559381178456  0.0312150800637 -0.0429958282802 0.561898856809 -0.174592693778   3.44937546699   10.5048504784 -1.9428693909  1.3852727884  2.6737119344 1776669967.61
  0.542694786146  0.0447258783383 -0.0152267259628 0.544747545462 -0.205892893065   3.13027310919   10.6473793873 -1.02757950661  1.00022561242  2.14844603347 1776669967.62
  0.535482254274  0.0544778212159 0.00697164239417 0.538291446565 -0.0745657175183   0.942760828171    10.1191917274 -0.128001715006  0.278786298515  0.667416497962 1776669967.63
 0.535138959813 0.0611823832803 0.0241702707892 0.539167128379 -0.0316865994837   0.482012283032    10.0123412208 0.0342850774313  0.161031437889  0.454847623863 1776669967.68
 0.537784206928 0.0652897188006 0.0375108090953 0.543030074123 0.0726533792402  0.293058337409   10.0725487261 0.124469725513 0.204005243911 0.856483223524 1776669967.7
 0.538669946192 0.0669696519062 0.0484671878345 0.544976433897  0.367288114732 -0.580838761568   9.89863523594 -0.230356055812 0.0443822831737   1.02589308026 1776669967.71
 0.533072300626 0.0661975532357 0.0584953326129 0.540342389311  0.502037073585 -0.963727263419   9.73947330442 -0.816553331975 -0.155916115056  0.774246692987 1776669967.72
 0.517379773655 0.0629044171434 0.0686542901758 0.525692122295  0.294624766803 -0.509082251614   9.76249280282 -0.725285547645 -0.152615122657  0.350388367798 1776669967.74
 0.490005842827 0.0571354772565 0.0793009117452 0.499658706889  0.319042434292 -0.452064080102   9.78907026171  -1.06559025168 -0.223269778754  0.346004522465 1776669967.78
 0.451799403602 0.0491635681733 0.0899486897704 0.463282337589  0.640170347907 -0.674588126288   9.87583744459  -2.84917904404 -0.595883429827  0.677986750244 1776669967.8
 0.405784535688 0.0395212520405 0.0993420988541 0.419633019877  0.654028828862 -0.395657275274    10.053336351  -4.04948728152 -0.857153211128  0.669510742848 1776669967.81
0.356275504611 0.028944066032 0.105741868543 0.372761769642  0.381753554149 0.0501200559824   10.1583870895 -3.80477564023 -0.82449853591 0.310745210927 1776669967.82
 0.307612292066 0.0182472325484   0.10736006297 0.326319577787 0.0580902594063  0.172560695358   10.0000639673    -1.6251335073  -0.361320218325 -0.0504457893044 1776669967.84
  0.262883208758 0.00817991060974   0.102842877132 0.282402460614 -0.0454332791668   0.253093984609    9.99272813742  -1.37289868622 -0.307351016131 -0.254366615209 1776669967.88
    0.223009041914 -0.000692908602132    0.0916850225658 0.241121662777 -0.236039460008  0.590797571656    10.135391563   -2.4349355894 -0.516855861173 -0.903804855523 1776669967.9
   0.186458825674 -0.00804244471885   0.0744755031395 0.200943213761 -0.412013311266  0.839858475001   10.1627758733  -3.10085316412 -0.552120917609  -1.63956929324 1776669967.91
  0.149684428898 -0.0137486872794  0.0529147946392 0.159356299367 -0.367322892728  0.803662306533     10.05233502  -2.99119593542 -0.373086550709  -1.71434911844 1776669967.92
  0.108153508533 -0.0178093276998  0.0295962460437 0.113535418883 -0.154231246114  0.485714067382   9.91034438048  -1.91433437216 -0.134747162058 -0.942993605922 1776669967.94
 0.0576857409005 -0.0202243387126 0.00759660164414 0.0615985140741 -0.0659283849848   0.452925314198    9.87834673575   -1.86994783769 -0.0514819129245   -0.65909751333 1776669967.97
-0.00429737800387  -0.0209052358488   -0.010039137465 0.0235856020623 -0.00834070868103    0.788057986851     9.91297920901  -3.33680593685 0.0141038901958 -0.698684293349 1776669968
-0.0779876742035 -0.0196508792471 -0.0208116684058 0.0830744240105 0.100972805908  1.48929814749  10.0052099315  -6.50327408638  0.194715579629 -0.544621835703 1776669968.01
 -0.161132141796  -0.016209420859 -0.0231733888934 0.163594982799 0.141885960872  1.42014676282  10.0111361558 -6.73295620145 0.362002611014 0.159536261281 1776669968.02
 -0.249766744847 -0.0104150443137 -0.0167413923076 0.250543757049 0.0626991628368  0.642634619903   9.91447470369 -3.78481047594 0.293792299752  0.44329807802 1776669968.04
  -0.339577443147 -0.00235777470728 -0.00227288155668 0.3395932346 0.0119590654651  0.264381617348   9.87147886694  -2.8857599335 0.290445805027 0.573573468719 1776669968.07
 -0.427518461485 0.00747530056027  0.0185885280711 0.427987673193 -0.0527295460557  -0.137142278794    9.85255243596 -4.05792945314 0.479343709481  1.07524782506 1776669968.1
-0.513195667804 0.0181509120015  0.043731520592 0.515375295249 -0.20361620267 -1.39249960102  9.79412572132 -7.08453638176  0.86087008186  2.16078688398 1776669968.11
-0.599528131498 0.0283768769973 0.0710515572453 0.604390231053 -0.265948975073  -2.67101500121   9.73161593765 -7.63659644659 0.792070505759  2.34950981457 1776669968.12
 -0.69234954343 0.0367328158468 0.0988508125495 0.700334686553 -0.132531076348  -2.11596868354   9.77591513775 -4.92986471228 0.337016108739    1.359979685 1776669968.13
-0.798881689081 0.0420051130973  0.126046329773 0.809854344882 -0.0333015695384   -1.51584203656    9.84149692503 -3.72139084984 0.108797709655 0.850783957338 1776669968.16
-0.925345493204 0.0435446307614  0.152118320369 0.938776011652 0.0640970812815  -1.73263337331   9.98752835277    -5.67677108371 -0.00956389684405     1.04630440068 1776669968.2
 -1.07428528654 0.0415411289842  0.176806875114 1.08952981297  0.39064164476 -2.11367555125  10.5844809112  -13.5965835505 -0.275871369043   2.03849797264 1776669968.21
 -1.24237513104 0.0371121766166  0.199649692613 1.25886189855 0.727670885375 0.435914997143  11.2672965604  -17.4529979819 -0.475304410657   2.15963715102 1776669968.22
 -1.41947507263 0.0321404387408  0.219520722155 1.43670868205 0.569241009426    2.728399989  11.0707730133  -11.3444342143 -0.269824029539   1.13432568471 1776669968.23
 -1.58947505206 0.0288565071337  0.234356082384 1.60691829677 0.238318193685  2.29259223605   10.433347809   -4.38387020077 -0.0405408871565   0.303441572218 1776669968.25
 -1.73303285871 0.0292407381931  0.241224482355 1.74998490308 0.216561534619  3.94492971647  10.5541846333  -4.06378184187 0.0927424402291 0.0412375786157 1776669968.3
  -1.8317767112 0.0343862447069  0.236814859481 1.8473412276 0.286562472438   14.379624412  11.6703402076 -7.15603489766 0.754527018015 -1.17207035309 1776669968.31
 -1.87304996666 0.0440040383229  0.218291405099 1.88624061841 -0.157313361272   13.4311905379   10.7682963002 -1.03206690002  1.01590621422 -2.43918626284 1776669968.32
 -1.85398102756 0.0562428733535  0.184337192152 1.86397132805 -0.480880192236   10.0333554409   9.75582689722  3.58258381557 0.959288189732 -3.29438109184 1776669968.33
 -1.78367977684 0.0679341881861  0.136110644325 1.79015493959 -0.274842883116   2.51853109662   9.40817265347  2.60269486214  0.28910269699 -1.61898618059 1776669968.35
 -1.68272507279 0.0752656789545 0.0778087518971 1.68620366353 -0.313163197269  0.699692680594   9.01485493693  3.19388117495 0.106908538013 -1.87193729314 1776669968.4
 -1.57974993871 0.0747603159154  0.016587140386 1.58160491492 -0.694367431295  -3.89006574198   6.93614167216   7.21646478686 -0.445909983549  -4.73204235807 1776669968.41
  -1.50569706566  0.0643270049534 -0.0382735755317 1.5075564612 -0.45751832179 -10.9458969794   5.9132796846   4.3731448646 -1.44595011642  -4.4064688696 1776669968.42
  -1.48699677462  0.0440921234438 -0.0768728164125 1.48963517445 0.0151408118981  -14.5115040329   6.17843965595 -1.42434277555 -2.01671014594  -2.2172689842 1776669968.43
  -1.53930320995  0.0167444614009 -0.0905881325941 1.54205737861 0.170182439619 -6.44108749372  8.54864119388  -2.79129552307 -0.899826199114 0.0462979969583 1776669968.45
  -1.66337270282 -0.0127659482947 -0.0739473460994 1.66506454167 0.286358761707 -6.28253459891  8.80721785829  -4.61622687327 -0.831435795679  0.977704399095 1776669968.49
  -1.84416891833 -0.0381653750914 -0.0260183979602 1.84474728682 0.824142655761 -13.2525297436  8.07985975053 -14.1487802021 -1.46789588722  4.46125370998 1776669968.51
  -2.05346482361 -0.0532369013772  0.0490526508063 2.05474040015 0.943399372556 -12.0040635104  8.60527062234 -18.4124472727 -0.67817001494  7.54808622796 1776669968.52
  -2.25531970738 -0.0533089425175   0.142530712458 2.26044770562 0.505706918682 -5.05107405734  9.58052240996  -12.904179072 0.601802933682  6.94224884467 1776669968.53
  -2.41310351756 -0.0364646898416   0.242532708212 2.42553506976  0.0530262393313 -0.0959904328868     10.006554494 -4.01547189709  0.81883809993  3.22402775163 1776669968.55
   -2.49641915944 -0.00414375788322    0.336109784668 2.51894731538 -0.155853459963   1.90540958516   10.2470320046 -1.21506152822  1.25150618126  2.80087318455 1776669968.59
 -2.48640691641 0.0390373770313  0.411506475701 2.52053185862 -0.745473332859   7.20908029912    11.106402398 4.17486073588 3.19714383889 4.38736925089 1776669968.61
 -2.37843165375 0.0862120768941  0.460103083412 2.42405950858 -1.14744085503  9.74036711553  11.4642802612 11.8497991752 3.52798669051 2.57354437091 1776669968.62
-2.18187163411 0.129705278391  0.47764557645 2.23730475878 -1.0709542183 8.17998986729 11.2428308861  14.9057526655  2.47075289648 0.144064028028 1776669968.64
-1.91742452425 0.162627855826 0.464558715107 1.97959072171 -0.545550039893    3.7744988604   10.5490611693     9.854228057  0.875032459669 -0.905370381156 1776669968.65
-1.61283238514 0.180234636022 0.425364334454 1.67769116455 -0.443211553953   2.75906065941   10.4850121345  10.8663619828 0.317740188318 -1.70427596533 1776669968.69
-1.29810491882 0.180737203589 0.367424870305 1.36115515366 -0.529512596978   2.85425745933   10.8998933292    20.380474478 -0.493638583195  -4.19883412072 1776669968.71
-1.00120007512 0.165420196481 0.299354382359 1.05800684216 -0.190248237703  0.623767378815   10.7483564853  19.6463691483 -1.51411171301 -4.89860513071 1776669968.72
-0.744800400204  0.138094980684  0.229464500464 0.791487092003 0.134731212941 -1.10372954564  10.4443500083  14.0992507937 -1.89330519405 -4.16114416034 1776669968.74
-0.544436283597   0.10408408213  0.164548639021 0.578204650321 0.211259201127 -1.22645980559  10.0941506522  6.08666590668 -1.24780630752 -2.17289891441 1776669968.76
-0.407874021743  0.069022870162  0.109184042621 0.427839373342 0.290900754419 -1.44070205003  10.0362471194  3.87064060838 -1.22831347706 -1.83313798364 1776669968.79
-0.335481135931  0.037774018772 0.0655873411847 0.343913024446 0.526086911088  -2.2406489545  10.1280970959  2.81035950396 -1.79480446977 -2.44056370567 1776669968.81
-0.321220850479 0.0136827975176 0.0339329637213 0.323297849911 0.492895255319 -1.74540148168  10.0940756746 -0.662828255061  -1.41477481277  -1.88541667961 1776669968.82
 -0.353981932881 -0.0017150364098  0.0129617765859 0.354223316296 0.296332619763 -0.78820993269  9.99386159016  -3.10878893907 -0.706374972324  -1.05653974202 1776669968.84
  -0.419062037932 -0.00854854961925 0.000681075292309 0.419149774186  0.0753296572662 -0.0858190297874    9.85748009722  -2.62045801412   -0.1156861467 -0.323254808838 1776669968.86
  -0.499731065104 -0.00814946710891 -0.00501756428556 0.499822695759 -0.00730181051554    0.115200229769     9.77447881938 -2.94852433833 0.112567259437 -0.12208080781 1776669968.89
  -0.578859911773 -0.00244786783472  -0.0059352016267 0.578895514004 -0.106818574845  0.196222569825   9.56493262532  -4.42383491476  0.463134808563 0.0515690486911 1776669968.91
  -0.640590568064  0.00659722669735 -0.00337555216109 0.64063343157 -0.147686696141 -0.124881508247   9.30495664826 -3.28801656667 0.700961149759 0.274604475009 1776669968.93
 -0.671957186417  0.0173992258006 0.00183998067843 0.672184929141 -0.0752562818443   -0.56822538413    9.21421856878 -0.696902032971  0.656506072819  0.370636960476 1776669968.94
 -0.664281027497  0.0289144675002 0.00922386563543 0.664973991687 0.0214387253561 -0.655546429691   9.36599561322  1.05662763284 0.423605587714 0.302936206778 1776669968.96
-0.614103584839 0.0405929301253 0.0184266665321 0.61571953106  0.124197423621 -0.945753976216   9.31175032562  2.77356945375 0.458101421838 0.390773373437 1776669968.99
-0.523433719862 0.0521777579876 0.0290681055082 0.526830458758 0.362619238598 -1.58329314848  9.11791731693  6.58237751746 0.700068310227 0.680330408043 1776669969.01
-0.399182721626 0.0634508238185 0.0406400990159 0.406232039524 0.562668191203   -1.520690726  9.25732888468  9.18425235426 0.738536805446 0.792095845316 1776669969.03
-0.251825968548 0.0740186562179 0.0524929160506 0.267676271154  0.588379167822 -0.850030212229   9.58483828167  9.16238531377 0.592124842187 0.696843357526 1776669969.04
-0.093510215634  0.083205099389 0.0638879594894 0.140530851986   0.382868722862 -0.0874966681239    9.85384663623  6.05617989462 0.307874028713 0.414014064849 1776669969.06
0.0640399775989 0.0900761252934 0.0740862218287 0.133054858399 0.339732296012 0.438091292421   10.029867051  6.01909520318 0.204820850678 0.366221829802 1776669969.09
 0.211419385141 0.0935813998328 0.0824408935412 0.245463104632 0.337994507955  1.39810551838  10.3217490571   8.27127227552 0.0798086744517  0.426671276013 1776669969.11
 0.342902058461 0.0927668374701 0.0884712445809 0.366080140063 0.102566430167  2.20187576537  10.4566307055   8.20601293588 -0.219933490105  0.316203441782 1776669969.13
 0.457053684442 0.0869980311302 0.0919059542797 0.474250389894 -0.225241441321   2.50848966059   10.3741986716   7.1101535576  -0.5534626587 0.140481896703 1776669969.14
 0.556543805115 0.0761367143434 0.0926923626681 0.569323880037 -0.325851217298   1.43581622354   10.0121135357    3.68715177556  -0.511220609441 -0.0181002387944 1776669969.16
 0.647247345953 0.0606278338972  0.090972293042 0.656415127178 -0.471946025738   1.14721939423   9.82742358871   3.32132983062 -0.638520781391 -0.104369560241 1776669969.19
 0.736827313703 0.0414774746273 0.0870271287197 0.743107389449 -0.978130442709   1.28313067909   9.51051356657   5.70431371899  -1.24345143097 -0.300087767009 1776669969.21
 0.833051149391 0.0201255023906 0.0811976818929 0.837240895378 -1.26173868471 0.564901285276  9.08991446353   7.50413696699  -1.58059390409 -0.483876058097 1776669969.22
   0.942120539058 -0.00176336998603   0.0737895669488 0.945007470753 -1.13518594332 -0.46243708161  8.88297683392   8.04135895386  -1.46510740863 -0.556697233381 1776669969.24
   1.06729387372 -0.0225527007342   0.064981234235 1.0695080168 -0.519017875937 -0.785740645133   9.24216431663   5.00278397134 -0.736021510853  -0.35806048114 1776669969.25
   1.2080480188 -0.040887255114 0.0547565401603 1.2099793643 -0.329463384696  -1.17026295957   9.31171542108   5.13671660537 -0.585328327319 -0.387858979815 1776669969.29
   1.35995282746 -0.0559011583248  0.0428833822504 1.36177663987 -0.236393426351  -2.60389076644   9.15855034844   9.29312306883 -0.800149022908 -0.780429978911 1776669969.31
   1.51531480422 -0.0673432932306  0.0289524903166 1.51708678781 0.145828665605 -3.83501532944  9.40778031456   11.8420032982 -0.765791326804  -1.18235574614 1776669969.32
   1.66449668689 -0.0755952117976  0.0124764339431 1.66625913894 0.542446929027  -3.9167184485  9.95365600706    10.68647305 -0.53865278056 -1.35953868865 1776669969.34
    1.79766540564  -0.0815752045296 -0.00696830081753 1.79952882218 0.417875690033 -1.86203135018  10.1623496174   4.49095949298 -0.203073907827 -0.780280384528 1776669969.35
   1.90660224811 -0.0865428327904 -0.0295881227954 1.9087947117 0.455555305677 -1.48904000135  10.3625509199   3.13899403603   -0.1708929366 -0.803944474989 1776669969.39
   1.98616801819 -0.0918376531502 -0.0552467085301 1.98905750289 0.861809360375 -2.15568852646  11.1575745408   3.89714045891 -0.365750981665  -1.63232074671 1776669969.41
   2.03507963072 -0.0986005785424 -0.0834009887515 2.0391730928  1.09247071126 -1.94920969463  11.9720640392   2.93881789348 -0.662247328654  -2.44179105324 1776669969.42
  2.05581869957 -0.107533071973 -0.113117735866 2.06173458749  0.877681473066 -0.691686206398   12.0660157289  0.796251087367 -0.860733500173  -2.55373727704 1776669969.43
  2.05371518783 -0.118745289873 -0.143168966004 2.06212120629 0.443233091637 0.557999299864  11.4203096494 -0.668907094046 -0.795025558806  -1.94087961932 1776669969.45
  2.03546189043 -0.131728036729 -0.172184407954 2.046974561 0.0944266375572  0.792315398759    10.441764633 -0.722751608807 -0.417297160316 -0.869489664227 1776669969.46
  2.00745106453  -0.14545693886 -0.198825953202 2.02251063216 -0.00888750395645     1.42107830335     10.2990036238  -1.06020368738 -0.466262846768 -0.863206652499 1776669969.51
  1.97434433925 -0.158606686311 -0.221945673065 1.99310098406 -0.222314313903   4.66378765609   10.4029361863 -3.01055302068 -1.05936491867  -1.8200794294 1776669969.52
  1.93819470165 -0.169827132884 -0.240696028424 1.96045263515 -0.321295306522   5.64613638368    9.7309273781  -3.47043373229 -0.885627353401  -1.48863715845 1776669969.53
  1.89827420555  -0.17801918526 -0.254575838746 1.92352401791 -0.22511426892  4.83428369144  9.19108568197  -3.24429995501 -0.476565956973 -0.850925416906 1776669969.54
  1.85157879001 -0.182550430788 -0.263413928047 1.87911031418 -0.0330839398047    1.84287944997    9.36533099523  -1.57484835033 -0.080638341758 -0.192000723377 1776669969.56
  1.79383335734 -0.183366961641 -0.267308949463 1.82288662044 0.060563397183  1.66502213979  9.17492787567   -2.09814294862  0.0251258396953 -0.0503594915754 1776669969.61
  1.72073799417 -0.180983576221  -0.26655436038 1.75064146143 0.452542072136  3.16563276423  7.89481286487 -6.84398010202 0.291158332024 0.238166756578 1776669969.62
   1.6291867022 -0.176362522006 -0.261579336102 1.65945075217 0.813516314488  1.94818446574  7.60618748826 -9.22684909647 0.467905770413 0.620834297788 1776669969.63
  1.51823719474 -0.170714491773 -0.252928967757 1.5485995867 0.902039189131 0.307040733969  8.02052720914 -9.26972553428 0.429347405031 0.785224695927 1776669969.64
   1.3896853173 -0.165269496897 -0.241291529151 1.42012706817  0.394336380159 -0.364235402511   9.20685202106 -4.09634499741 0.146339094853 0.384798355731 1776669969.66
  1.24817343413 -0.161066650513  -0.22755998856 1.27893038746  0.394196069336 -0.778940465184   9.34666335036  -4.5463978683 0.101808677923 0.446941413356 1776669969.71
  1.10082570638 -0.158800987993 -0.212894691367 1.13241297203 0.851543924795 -2.79889275166  9.12512161003   -12.342345448 0.0981927104217   1.21929325013 1776669969.72
 0.956457317789  -0.15874582776 -0.198741520214 0.98970148552 0.565897381272 -3.56894964955  9.74155495843   -13.4818626654 -0.0949425657766    1.27482410091 1776669969.73
 0.824457910439 -0.160747237431 -0.186761779638 0.860494324653 0.0197694876311  -2.75864339871   10.3189741404  -9.42014531705 -0.214200789581  0.779025179552 1776669969.74
 0.713503011265 -0.164270265286   -0.1786497365 0.753649119613 -0.174860335263 -0.936930580031   10.1942043546  -2.93714666248 -0.116825579681  0.165091539969 1776669969.76
 0.630289753342  -0.16847031364 -0.175847949397 0.675699578994 -0.353556989091  -0.74769594593   10.3304774701    -2.09832709498   -0.124326761234 -0.00870234028817 1776669969.81
 0.578506911403 -0.172268840873   -0.1792096025 0.629652985147 -1.28866465127 -1.33832126321  11.2898657015  -2.97116831484 -0.245577264903 -0.529357207269 1776669969.82
 0.558221121491 -0.174427033562 -0.188688033042 0.614523217079  -1.77139865285 -0.873615327314   11.3931485218   -0.63047735927 -0.0673414151837   -1.18673207585 1776669969.83
 0.565790801124 -0.173627051203 -0.203144825116 0.625726300803  -1.49446612418 -0.235598012432   10.7329682292  1.51994273523 0.246192266325 -1.33324367455 1776669969.84
 0.594320225302 -0.168579892105 -0.220352977187 0.655889582766 -0.477953340567 0.0374904252412   9.92316327254   1.06906031296     0.240186634 -0.529893944238 1776669969.86
 0.634561774858  -0.15817622163 -0.237232071719 0.695677668933 -0.340884870871 0.0926582464146   9.66334615864   1.23973913109  0.407819572842 -0.453983303611 1776669969.91
 0.676091263089 -0.141680822079 -0.250296926638 0.734725392821 -0.470518169035  0.231935384277   8.81276810607   2.82772372676   1.49943990334 -0.726694842787 1776669969.92
 0.708541774331 -0.118947296184 -0.256244142657 0.762785006334 -0.0965649022772    0.16314776522    7.99563918535   2.16250562488    2.3699393018 -0.104927517196 1776669969.93
  0.722695707699 -0.0906059468749  -0.252558233433 0.77089829732  0.268217245136 0.0034158760774   7.89318167961 0.113929287115  2.51440515173 0.754545988684 1776669969.95
  0.711295898069 -0.0581641289296  -0.238003766797 0.752310250836 0.195306665866  -0.0408791667  9.06550686716 -0.853990071495   1.07034131779  0.637123876316 1776669969.96
  0.669522899259 -0.0239622518768  -0.212888374311 0.702962703181   0.217729434133 -0.0444815569958    9.22359929632 -1.75050676134  1.01314942178 0.888960623227 1776669970.01
  0.595168167382 0.00904768983978  -0.179030569935 0.621577793303    0.501455762785 -0.00969511972038     8.88907541121 -6.67557093031   2.2748170177  2.71008212996 1776669970.02
  0.48858729467 0.0376947055166  -0.13943393067 0.509490192603 0.507762193519 0.274904669933  9.48997386064 -11.7601064293   2.4259455035  3.94012053221 1776669970.03
  0.352530511605  0.0591004451913 -0.0977369511089 0.370571364039 0.238548853492 0.539486804126  10.3151976166 -11.2343031242  1.26948408373  3.10057115835 1776669970.05
  0.191920335377  0.0712182787039 -0.0575563983075 0.212645708489 0.0348370797383  0.375635248851   10.3025036555 -5.26244116882 0.220256935379  1.17812340821 1776669970.06
 0.0135918832486  0.0732865579037 -0.0218574269104 0.0776750022257 -0.0129447709545    0.52653120372    10.5197128748    -5.6990292193 -0.0799117808106    1.01366060263 1776669970.11
-0.174047946597 0.0660866718973 0.0075367280783 0.186324819032 -0.089730176564   1.44099240675   11.6473309046  -13.0951360186 -0.745636569646   1.81831880988 1776669970.13
-0.361525037787 0.0519274140339 0.0302292526362 0.366484129247 -0.15589314948  2.23833208776  12.3834306367 -18.1559466142 -1.57965475242  1.97875709976 1776669970.14
-0.539045194892 0.0343301543143 0.0473165815777 0.542205810116 -0.14079469193  2.03039265878  11.8032339902  -15.529266283 -1.59339196055  1.43465549878 1776669970.15
-0.697505278811  0.017453910573 0.0612684460845 0.700408506123 -0.0481420076623   0.620636270636    10.2777522393  -4.77119120245 -0.475550132711  0.465463112186 1776669970.16
 -0.829685687578 0.00536168103305  0.0756705968566 0.833146521942 -0.0483376353182   0.407053418012    9.97123658973 -3.49398014758 -0.24167207122 0.501947955933 1776669970.21
 -0.931419208622 0.00127452159055  0.0948727065477 0.936239390884 -0.132678184295  0.454064020594   9.60357790281  -5.72737301232 0.0534989939844   1.58776414039 1776669970.23
  -1.00243662785 0.00697533558193   0.123561269874 1.01004714522 -0.252002051442 -0.043489548595   8.82907901107 -6.0368982749 1.11291347931 3.74223196338 1776669970.24
 -1.04657254118 0.0225032536581  0.166255470044 1.05993460256 -0.213483029094 -0.616029703632   8.77794756354 -3.01587636141  1.72361698222  4.53036564816 1776669970.25
 -1.07110935347 0.0462227920143  0.226719529646 1.09581638002 -0.0511001200747  -0.372277188048    9.51309204575 -0.606936848669  0.828192346524   2.21388697138 1776669970.26
 -1.08524191926 0.0752693413259  0.307307430387 1.13042175927 0.0106244931408 -0.420092549642   9.73033134431 -0.399166662846  0.894361445678   2.70404495409 1776669970.31
-1.09791429769 0.106281185899 0.408302264144 1.17618971023  0.261301439141 -0.958373266088   10.3340611877 -1.09214404959  2.19874807349   7.9345713795 1776669970.33
-1.11553174773 0.136250035238 0.527367051791 1.24140692749  0.729191411725 -0.866111660527   11.4689696494 -1.94341411621  2.62020391075  11.5367639019 1776669970.34
-1.14018952632  0.16327867216  0.65926232847 1.32714690161   1.11945708981 -0.262912019203   12.1684447292 -2.35720910188  2.23883189391  11.8404047263 1776669970.35
-1.16900852835 0.187041253526 0.795984174279 1.42658900023 0.555177316121  0.16592982293  10.8013521374 -0.887929865811  0.738791219551   4.35184912479 1776669970.36
-1.19490333862 0.208802632627 0.927421183468 1.52692585923 0.607441924916 0.408530624594  10.6295281607 -0.594471811609  0.657999709696   3.69397398718 1776669970.41
-1.20868430713 0.230956962243  1.04252453477 1.61279765572 1.55822215574 1.53723585663 11.0097437501 -0.255284901323   1.71894027974   7.38258745326 1776669970.43
-1.20193795469 0.256169652198  1.13085533909 1.6700633328 1.97110986121 2.55783697003 9.73860184873 1.88596850293   2.685414718  6.8745578913 1776669970.44
-1.16980217833 0.286320899024   1.1842540732 1.68904544152 1.52613195856 2.53131409512 7.86774163698 4.02987871162 2.95117670079 3.04581393842 1776669970.45
-1.11269519731 0.321524260895  1.19830571509 1.66655484136 0.377039818623 0.816393088671   8.4752881296   2.14170907722   1.17435669929 -0.176124894105 1776669970.46
 -1.0363298603 0.359507361423  1.17327788688 1.60617748773 0.170811255724 0.549481411806  8.13332449276  2.41663428604   1.0993158127 -1.24704381727 1776669970.51
-0.949891881072  0.395582740049   1.11429512643 1.51671814084 -0.00518468138261    0.570059316704      5.3057381622 6.25417099129 2.30104108257 -5.1433163547 1776669970.53
-0.862915193139  0.423310265757   1.03066482194 1.40928499134 -0.453625915039 -0.466167590699   4.40326803518  7.88773091856  1.88769567226 -8.44512584837 1776669970.54
-0.781920213325  0.435781802814  0.934453561385 1.2940279974 -0.709033817508   -1.6135109245   6.04091232374  6.89977259037 0.177030445264 -8.55951087839 1776669970.55
-0.708076370042  0.427283032314  0.838579565021 1.1777769833 -0.302552386906 -0.949276084443   9.18073126163   2.34989035148 -0.661551701773  -2.91104147436 1776669970.56
-0.636892512306  0.394952952075  0.754793411569 1.06364138728 -0.276497116198  -1.08512411427   10.0043501291  2.19693838316 -1.29718517402 -2.17960324939 1776669970.61
-0.560269379531  0.340010199276   0.69193885845 0.953041498092 -0.600113194315  -2.71173841092   11.9637709112  5.88731070629 -4.48236834701 -3.53468397944 1776669970.63
-0.470372579958  0.268171181732  0.654816466833 0.849676851469 -0.698149287929    -3.154275492   14.1953221197  8.99086671653 -6.91594422508 -2.20370090881 1776669970.64
-0.364013027528   0.18904611238  0.643835564863 0.763392527732 -0.654612360549  -2.28449644834    14.835144316   10.0884488426  -6.90368127154 0.0293234630221 1776669970.65
-0.245861933277  0.114535080589  0.655469037882 0.709370167502 -0.256317995741 -0.429475996134   11.5949924081  3.88608510378 -2.19226118668 0.653725104201 1776669970.66
-0.129063675989 0.0565038930358  0.683359220473 0.697732001985 -0.267633190483 0.0189756942664    11.115825715  3.20618329949 -1.35770780819  0.96720247765 1776669970.71
  -0.0326188036 0.0242339857484  0.719797637996 0.720943764851 -0.718137300539  0.911236975468   11.7084891314   5.3341004605 -1.19401427813  2.57555854465 1776669970.73
 0.023953121889 0.0222517744616  0.757243041029 0.757948492117 -1.01102273417  1.99716600331  10.6037408771 2.66231523896 1.10916621365 3.11073224341 1776669970.74
0.0270891587385 0.0491093474422  0.789562285291 0.791551737337 -0.979754689091   2.35628097533   9.09801671623 -2.11627876538  3.22785269482  2.38182786558 1776669970.75
-0.0253827721422  0.0975013120486   0.812769566693 0.818990329317 -0.338799374511  0.937143524909   9.07724197501 -2.48421864179  1.77895715402 0.593879377341 1776669970.76
  -0.121887413  0.15579196129 0.825176748597 0.84855426643 -0.22543133848 0.754110598906  8.87983786348 -3.22292929979  1.70759154989  0.21498223722 1776669970.81
-0.238962050565  0.210661154274   0.82701615631 0.886248670706 -0.238595950223   1.28549238348    7.5194681423  -7.46698228063   3.13200077988 -0.180900871652 1776669970.83
-0.347087666614   0.25025145556  0.819720873567 0.924682621166 0.0814957277552   1.09941669885   6.91346411364  -7.77378860473   2.43524104002 -0.946420419856 1776669970.84
-0.418845304862   0.26701193837   0.80511625734 0.946012131249 0.460546602946 0.522069992267   7.4184566138 -3.76775981415 0.386500483359 -1.46710027146 1776669970.85
 -0.4368399083 0.259458328212  0.78477290856 0.934888361021   0.31785177535 0.0231958094495   9.11592788832  0.341720980116 -0.590466402256 -0.773131485502 1776669970.86
-0.398769959864  0.232323354921  0.759696507885 0.888892797937  0.369821226134 -0.109845733679   9.48923604237   1.84929293336  -1.00192762967 -0.845137575749 1776669970.91
-0.317874266188   0.19500398371  0.730404921445 0.820098745298  0.825589885792 -0.412305125358   9.83473133496  5.84004920039 -2.38479421333 -2.02117599094 1776669970.93
-0.218496224324  0.158708262551  0.697305775621 0.747772864819  0.987366554907 -0.659964895872   10.6600752238  8.00496628525   -2.611446774 -2.92084143708 1776669970.94
-0.128160391454  0.133113943389  0.661182375495 0.686517692072  0.770809138351 -0.679769237792   11.2837457838  6.50728512565 -1.52867418058 -3.20523213819 1776669970.95
-0.0687728015458   0.123535632766   0.623557919601 0.639386604405  0.158722579056 -0.211745485106   10.4750973178   1.34123112303 -0.062285152144  -1.27543327014 1776669970.96
-0.0498898465626   0.129479153894   0.586751611615 0.602935570203 -0.0108255929216   -0.08466146572     10.311446844 0.0374089997033  0.327007216638  -1.06370986434 1776669971.01
-0.0663108184707   0.145056823902   0.553552420826 0.576071948119 -0.342446588273  0.137279249392   10.3643392885  -1.6620681755  1.03501516485 -1.96590465186 1776669971.03
-0.100761931236  0.161158587915  0.526579791118 0.559831522567 -0.808597215982  0.676799240498   9.54510101488 -2.86363291159  1.05203245411  -2.0478738726 1776669971.04
-0.130671662918  0.168701508547  0.507525958695 0.550561423662 -0.924622115127   1.01906680271   8.55834875261   -1.4997431839 0.0312000002455  -1.25676997343 1776669971.05
-0.136613707854  0.161904432571  0.496536356461 0.539837664254 -0.370937822301  0.485688705836   8.97198294431  0.372099855281 -0.493995910159 -0.272613979594 1776669971.06
-0.109422610575  0.140491486955  0.491958124847 0.523195911887 -0.235813589059  0.334921808658   8.98714705407    1.28176050059  -0.799472257127 -0.0918640782173 1776669971.11
-0.0534736970134   0.110047527873   0.490577692221 0.50560495129 -0.170380582668  0.137148009156   8.48752226168   3.84085888389  -1.85674082289 -0.112553274862 1776669971.13
0.0150098167641 0.0803385955006  0.488311732824 0.49510396175  0.244961240006 -0.953352010611   9.11189948418   5.26904375051  -1.98270654551 -0.389126855778 1776669971.14
0.0739929964436 0.0620826485864  0.481164083986 0.490762768042 0.630168074836 -2.21229245827  10.5660988287   3.48582372176 -0.672979108523 -0.868962849999 1776669971.15
 0.103845338329 0.0631878572877   0.46616638809 0.481754772666 0.387225691405 -1.56938547789   10.819132218  0.369686910129  0.419107090301 -0.695121314001 1776669971.17
0.0948132166398 0.0856861402621  0.442015879319 0.460119221781 0.324088778588 -1.72696466849   11.143110195 -0.820732791754  0.952452469162 -0.886164687388 1776669971.21
0.051097608485 0.124401087754 0.409213411437 0.430746111215 0.364705326158 -3.49393367795  12.6995685027 -3.11423687543   2.4433849905 -2.15151566974 1776669971.23
-0.00991824017071    0.167856919121    0.369660634854 0.406107500233 -0.117242143755  -4.36980466309   13.4262955026 -4.75752715678   3.2017941582 -3.47426243404 1776669971.24
-0.0630611561557   0.201229417617    0.32584709645 0.388131830948 -0.891880496544  -3.11492216189   12.1175757426 -3.06153342977  1.77216619288 -3.73150376897 1776669971.26
-0.0835707387016   0.210490609365    0.27989039972 0.36004027671 -0.724005563883 -0.631747729673   9.99331478872  0.141190707758 -0.270153579371  -1.70963521995 1776669971.27
-0.0553721053136   0.186517226992   0.232742724807 0.303354449386 -0.805837771489   0.10842910004   9.20328244292  1.64886268866  -1.2736218345 -1.48206233318 1776669971.31
0.023302335276 0.127939235333 0.183828697031 0.225176456627 -1.64450337405  1.15052580145  7.45036562864  5.67005386648 -4.22475844448 -2.96480655712 1776669971.33
0.138732729343 0.041889669893 0.131247518569 0.19551835148 -2.10370177798  2.33243443044  5.40591198645  10.1800880294 -7.80384115902 -4.68388093837 1776669971.34
  0.265274275339 -0.0575513596137  0.0724968741228 0.280959778095 -1.43220290608  2.21529144187  5.38193374485  9.78534302601 -8.14966050592 -5.26456813541 1776669971.36
  0.372441763698  -0.152753408239 0.00551077822714 0.402587679582 -0.23094376021 0.670407258735  8.20057481298  3.20560758391 -3.22994938894 -2.72511909153 1776669971.37
   0.43325076508  -0.226803380079 -0.0703016210582 0.494052949168 0.179195667373 0.153968353341  9.09748448459 0.912425414284 -1.77860483334 -2.46270865883 1776669971.41
 0.431296333743 -0.267479522952 -0.153342380609 0.530165736717  0.856930173168 -0.349254321058   9.81929704542  -1.8565456525 -1.16615378592 -4.58132402223 1776669971.43
 0.364611801909 -0.269917637279 -0.239679266265 0.513072555963  1.85452147807 -1.04278253713  11.6833140314 -7.80944238188  1.26507837793 -7.15360629409 1776669971.45
 0.245477101348 -0.237378027658 -0.323556534888 0.470421265006    1.9226140876 -0.865995318888   13.0307501196 -11.0306861907  3.69828953079 -6.53590604969 1776669971.46
0.0966229000946 -0.180068235999  -0.39846814434 0.447814042312    0.74035174766 -0.0390502093339    11.6065391145 -5.60594889412  2.33240508841  -2.5207470262 1776669971.47
-0.0547201531704  -0.112478279696  -0.458541949649 0.475296095244 0.403460927216 0.424472396849  11.3599762401 -4.45387577355  2.07135358408 -1.61530589195 1776669971.51
 -0.183037713794 -0.0500071286946   -0.49989383745 0.534693712617 0.212405147005   1.5916145825  12.1672443215 -6.01333264501  2.99102738107 -1.76735521714 1776669971.53
  -0.269319207102 -0.00573686288827   -0.521613923203 0.5870662925 -0.399048121284   3.35383596834    12.400209305 -5.06757460974  2.60799822417 -1.10507387658 1776669971.55
-0.303408655723 0.0119410865702 -0.526142840902 0.607474847997 -0.926656496544   3.67107232861   11.2659581848 -0.598031168224  0.255355537546  0.109604323043 1776669971.56
   -0.28380408621 0.000448089146512   -0.518959203093 0.591492700385 -0.571200266964   1.59881058594   10.0124049088   1.70530365381 -0.953305682006  0.358391761077 1776669971.57
  -0.21557602644 -0.0371594618125  -0.507683670526 0.552807885343 -0.457333473591  0.939601969601   9.66604833434  2.66138410601 -1.41709465577 0.273296279019 1776669971.61
 -0.107516348835 -0.0934190117907  -0.500856298461 0.520714805569 -0.667769933842   0.86492367346   9.22762558041   6.19416402219  -3.05136452787 0.0244022376515 1776669971.64
0.0303679222884 -0.158316189065 -0.506714761297 0.531738728833 -0.919622751947  0.264716512556   8.43661427693   13.286980375 -5.74454710933 -1.41100039845 1776669971.65
 0.188273353478 -0.221301934128 -0.532267452541 0.606407488998 -0.633962595049 -0.719740835594   8.37524781325  14.0917680299 -4.95518986121 -3.28605568321 1776669971.66
 0.356759876845 -0.273087742257 -0.582826015397 0.735894482192 -0.215814597933 -0.578312021542   9.16736432245  6.61121551717 -1.67696776679 -2.53895724129 1776669971.67
 0.526029334212 -0.306975422046 -0.661978545887 0.899531192014  -0.15652603859 -0.497170793902   9.33674823351   5.02869468469 -0.712866158275  -2.89493952377 1776669971.71
 0.685040061499 -0.319624636768 -0.771811694785 1.08033933859 -0.299010701671 -0.727543185227   9.08310985161   7.55674010075 -0.109987916906  -6.42868591439 1776669971.74
 0.821207287729 -0.311271720158 -0.913092958545 1.26688998896 -0.587650084676  -0.96204243629   8.71302081363  10.0792462534  1.45780537615 -13.3741319791 1776669971.75
  0.92118107854 -0.285470530844  -1.08514674467 1.45176150276 -0.628516362731 -0.890211041182   8.81140485288 6.64995725612 2.75701416213 -16.332281009 1776669971.76
   0.9727579298 -0.248440148408  -1.28530101614 1.63094426619 -0.237614087349 -0.539164660348   9.40569663041 0.968820863471  1.61725396802 -8.83890770143 1776669971.77
 0.967529583365 -0.208100909518   -1.5080011357 1.80374247289 -0.0572304265853  -0.619362365635    9.57663135385 -1.05504061303  1.15181035422 -6.99143278764 1776669971.81
 0.903552130997 -0.172886700846  -1.74390676541 1.97167620851 0.198905358051 -1.50486482013  9.55510377264 -4.28296909305   1.3693735008 -11.1979191594 1776669971.84
 0.787220871699 -0.150451655845  -1.97942232346 2.13552455762  1.01712162164 -3.89883925857  9.55287709317 -11.7046106396  1.14713770241 -19.6551260651 1776669971.85
 0.633676320769 -0.146436891756  -2.19709937773 2.29133915394  1.71139723167 -5.06277612184  9.74853893543  -14.2243181357 -0.576840065423  -17.5799381186 1776669971.86
 0.465392716627 -0.163502782251  -2.37717207828 2.42781190174  1.00722096058 -2.60527106088  9.85629019871 -6.44173991888 -1.07931984612 -6.01366429239 1776669971.87
 0.309021723431 -0.200833088196  -2.50017956785 2.52719730658 0.835179550198 -2.00795823979     9.88034762 -4.07491553112 -1.34767239837 -2.57052530762 1776669971.91
 0.190980551559 -0.254257473438  -2.55027589102 2.57002481587  1.31070521307 -3.07156277068  9.94532990702  -4.38867743896  -2.89021772122 -0.456685682503 1776669971.94
 0.132596912149 -0.317019826256  -2.51853833003 2.54187309502  1.76168553545 -4.31746471795  10.0005095793 -2.03338109562 -5.70557970253  6.51560858649 1776669971.95
 0.145786914546 -0.381068870759  -2.40546090773 2.43981751107  0.71771401754 -2.39253988749  9.85900974347  4.22385833665 -5.26154599106  12.8356103697 1776669971.96
 0.230206889155 -0.438609932332  -2.22191767346 2.27646481023 -0.248662735132  -0.12957525733   9.73677430736  4.64052599273 -2.09751341431  8.53804328507 1776669971.97
 0.372578673106 -0.483578533797  -1.98818970737 2.07979839853 -0.642626540538  0.673351564829   9.67000162936  4.79479283699 -1.11630410098  7.39446377661 1776669972.01
 0.548471634527 -0.512707031526  -1.73109414656 1.88689601683 -1.67974933273  2.20092671652  9.44676166046  8.52565027346 -1.02137657902  12.2553487761 1776669972.04
0.726308567717  -0.5259555277 -1.47971433107 1.73023346813 -3.89773764349  5.65413088619  8.93843490591   14.3442188297 -0.598378008408   20.8057886518 1776669972.05
0.872858670956 -0.52623903847 -1.26058207466 1.62107277814 -4.27714093389  6.84017896133  8.81289358854 10.5929305957 0.33668199102 17.5816660546 1776669972.06
0.959116426958 -0.51855604435 -1.09331039884 1.54406357376 -1.80088571436  3.31433763481   9.3756204017  1.95444524272 0.369393674406  5.76901174536 1776669972.07
 0.965347462792 -0.508758490071 -0.987579324443 1.47174856793 -0.936999389344   2.22246157951   9.58470858469 -1.12613691995 0.245088134415  2.27529891375 1776669972.11
  0.88426033032 -0.502264649627 -0.942067692602 1.38624588277 -0.667930594224   2.95969616639   9.68639286337 -5.75781162363 0.136215056761 0.994740953276 1776669972.14
 0.721702882379  -0.50299448414 -0.945486380452 1.29143447264 0.494182160165  3.96119843906  10.1417398408  -16.5856667179 -0.445273198742  -1.59082958894 1776669972.15
 0.494869438996 -0.512718575338 -0.979416480692 1.21121127051  2.1465840291 2.33948960685  10.757250273  -20.824764041 -1.17803004996 -3.24372872264 1776669972.16
 0.228578024344 -0.530889921515  -1.02229701143 1.17438630848  1.79247707409 0.368095442139  10.6002513697 -11.7683322959 -0.91225332216 -1.60639948355 1776669972.18
-0.0494227758154  -0.554910822184   -1.05371339132 1.19192304382   1.55824672363 -0.270745194358    10.538043203  -8.23155825101 -0.757112414686 -0.544701031495 1776669972.21
-0.313032596547 -0.580705535096  -1.05813662464 1.24694083316  2.45100610588 -1.04446564493  11.0644132304 -11.3035048484 -1.11509556549 0.603820252415 1776669972.24
-0.541342925259 -0.603438954349  -1.02743558166 1.30874543316  4.00041558733 -2.65763520443  12.1415979987 -17.1453663365 -1.57895235276  4.05350384252 1776669972.25
-0.720604091265 -0.618239639522 -0.961778659023 1.35148388713   3.0391999352 -2.99935038468  11.9749214842  -13.0911998617 -0.751080813298   6.84581806024 1776669972.27
 -0.84453798355 -0.620834150616 -0.868884934836 1.36148465956 0.827438105027 -1.42435029528  10.6837178067 -4.27334072392 0.225862253307  4.43192633429 1776669972.28
-0.913326551214 -0.608053527092 -0.761904181269 1.33581153701 0.0288688311813 -0.763915705781   10.1946755082 -1.36242037679 0.665101783127   3.3149655871 1776669972.31
 -0.93185162598 -0.578209671226 -0.656438229786 1.27811776698 -0.698290674742 -0.618938749947   9.99145654305 0.12851414389 1.78413730147 4.52580588691 1776669972.34
-0.907801364438   -0.5313484149 -0.567326976909 1.19511269511   -2.06493562136 -0.0544540855428    9.45841004648 3.16149166595  4.2098661947 5.82644476728 1776669972.35
 -0.85011633169 -0.469370335652  -0.50580484908 1.09491772967 -2.77767587553 0.926878418978  8.78290493184 5.95577133118 5.76666964968 3.82637245764 1776669972.37
-0.767998558916 -0.395984487926 -0.477508618412 0.987238563789 -1.65424386905 0.974396314157  8.89651660716  4.59563630824  3.91157825436 0.618529571771 1776669972.38
-0.670445892489 -0.316443747081 -0.481622892031 0.884078588108 -0.825685696363  0.680262878835   9.14468484521   3.13511127802   2.46825801514 -0.523579636039 1776669972.41
-0.566087060799 -0.237020537566 -0.511228872438 0.798741670158 -0.704100484399  0.769357964193   8.87265539427  4.32042392285  3.17066444219 -1.52249318694 1776669972.44
-0.463030101566  -0.16422584329 -0.554715054787 0.740996487554 -0.432305309046  0.725132038048   8.09952645156  8.01057138188  5.39921144509 -3.51571769734 1776669972.45
-0.368501558577 -0.103845779596 -0.597946138134 0.710011921536  0.480396251817 -0.419753861873   8.39941603543  7.05695030672  4.20933161521 -2.90930088255 1776669972.47
 -0.288207418573 -0.0599475623616  -0.626787517227 0.692473694883 0.704663646381 -1.00444715325  9.24138033678   3.35232035906   1.63621356382 -0.741098174149 1776669972.48
 -0.225525147694 -0.0340612966897  -0.629553963671 0.669596861812 0.633765271796  -1.1288405291   9.6325184287  1.65940729736 0.543665398574 0.429383544897 1776669972.51
 -0.180773529138 -0.0247493994919  -0.598988227468 0.626161718933 0.931744370737   -2.029569686  9.84580651321  1.60038002496 0.135924412951  2.05947307542 1776669972.54
-0.150856843288 -0.027719524558 -0.533465934507 0.555078429132  1.60866911867 -4.39388057306  10.3861460006   2.19842895606 -0.505273492286   6.93842859592 1776669972.56
 -0.129527220463 -0.0365275382759  -0.437250522654 0.457492711914  1.02271692819 -3.88388557169  10.7281702296   1.76816276977 -0.668407909969   8.89342090729 1776669972.57
 -0.10837005249 -0.043780549891 -0.319767897187 0.340458973883 0.173788289487 -1.63136767112  10.4431529407   1.23622942602 -0.147447996127   5.88480163708 1776669972.58
-0.0784307883673 -0.0426219301122  -0.194017057315 0.213566467451  -0.18058334317 -0.433811974167   10.1982939829  1.18547298969 0.242621906597   3.8201600218 1776669972.61
 -0.032215858054 -0.0281946394483 -0.0743627200057 0.0858056719012 -0.595665121253  0.408389777471   10.1932503242  2.35043991652 0.914246400306  4.58477402818 1776669972.64
 0.0343367589641 0.00124106059618  0.0259476048708 0.0430561429542 -1.69484618361  2.80104352931  10.1183454537 6.32666483313 2.98534641042 7.11129704465 1776669972.66
 0.120373323493 0.0438072094587 0.0971505534807 0.160770142287 -1.88592187065  4.40977647001  9.56306899915 7.53918883701 3.78767319235 4.43277118863 1776669972.67
 0.219527805559 0.0942806670865  0.134833262663 0.274337949107 -1.09122142709  3.37663444305  9.32125651844 4.99326582117 2.52876215407   1.093778957 1776669972.68
0.320454959628 0.145135455802 0.140978599317 0.378986341636 -0.519680839751   2.27228525686   9.33309833956   2.97624263457    1.4789076062 -0.170886937765 1776669972.71
0.408496999801  0.18818026232 0.123983217522 0.466533437387 -0.306062345543   2.70600287769   9.09335401944   2.98056338013   1.43879933809 -0.875099661288 1776669972.74
 0.468220922395  0.216466121286 0.0975942026527 0.524988611519 0.305338374556   4.2389593185  8.48626309059  3.07765058469  1.49715892766 -1.78335889682 1776669972.76
 0.486333022434  0.226044500956 0.0788807734224 0.542068355042 1.37038943577 2.85095001379 8.83198240228 -0.576896079624 0.0282673319011 -0.501998868813 1776669972.77
 0.454349599161  0.217145802274 0.0855237642871 0.510783879896  1.46271541597 0.639989561567  9.64334439785  -2.95364605038 -0.805388242173   1.37503209048 1776669972.78
0.370425253704 0.194439240028 0.132840150688 0.438939622589   1.20920712584 -0.244485442476   10.0436000721  -3.32503012744 -0.789634596773   2.25636510622 1776669972.81
0.239920518887 0.166222768843 0.231035316347 0.372248816874 1.85669369589 -0.9643987797 10.5719672657 -5.97008733649 -1.04523781961   5.0517594806 1776669972.85
0.0745885851879  0.142644407401  0.383170775794 0.415608863507  4.08226130741 -2.79728838121  12.2149409982 -14.6248252226 -1.37767971275  14.7873026159 1776669972.86
-0.109404062759  0.133315887429  0.584240788642 0.609163093024  3.88404713605 -2.96924098185  12.7276532133  -15.3208410029 0.0926150490953   18.2162516324 1776669972.87
-0.29413329414 0.144873344765 0.821575595408 0.884584162031  2.10317726371 -1.65710146987  11.7328887871 -9.28980930777  1.20419029743  12.9480348889 1776669972.88
-0.462626005848  0.179102234879   1.07655768031 1.18535938469  0.906877502228 -0.698085513861    10.819291871 -4.78875005888  1.36164185966  7.89228092339 1776669972.91
-0.601044350081  0.232140989938   1.32739198637 1.47550440035  0.592906474728 -0.412490513733    10.704275454 -4.68130504043  2.28639537569  9.38645402983 1776669972.95
-0.69997351444 0.295025090021  1.55246161293 1.72833439596 -0.0540025159141   0.179843410688    10.5343278596 -6.42156424019  5.15396960238  16.9753637513 1776669972.96
-0.754735815042  0.355494289684   1.73367438511 1.9239618536 -1.36837207087  1.16323794172  9.15624821793 -2.73634816807    4.449059245  12.9192523134 1776669972.97
-0.764940437026   0.40065553973   1.85919307156 2.04994087989 -1.50702008632  1.18114230111  8.59163068337 0.530277813868  1.61999449297  4.81601472638 1776669972.98
-0.733664299319  0.419867602194   1.92504714741 2.10246489322 -1.22999495979 0.941092419667  8.63887730726    1.5098928932 0.0998775512926   1.16997120995 1776669973.01
-0.666688236657  0.407154801516   1.93532578684 2.08703956324 -1.80183142223  1.40256601055  7.92695560247   3.23006027061  -1.14515952273 -0.482442476473 1776669973.05
-0.57208057864 0.362581012795  1.90091296915 2.01797207503 -3.60876386656   3.0005212958  5.77606934196  8.42867734611  -4.6885067318 -4.01305884615 1776669973.06
-0.460178503744  0.292282416065    1.8370024466 1.91618664406 -3.07977279274  2.93286417341  6.16154820459  9.43196120356 -6.41904991068 -5.82609913996 1776669973.07
-0.343755509966  0.207191271463   1.75987713816 1.80506609713 -1.32511296562  1.65316341722  8.13542756496  5.90083263862 -4.55420832066 -4.07362470711 1776669973.08
-0.237979157652   0.12079100582   1.68360769681 1.70462882275 -0.275552842986   0.74233741957   9.40368175707  2.89492907274 -2.52872381974 -2.24173652185 1776669973.11
-0.159731705484 0.0464462700832   1.61737524156 1.62590717624 0.356354707018 0.521540318162  10.1713670868  2.20799657227 -2.48247882454 -2.35821190813 1776669973.15
  -0.126013312793 -0.00509362752828      1.5640245453 1.56910104147   2.12178170933 0.0702114832188    12.390822329  0.34189374094 -3.04933771657 -4.00628694573 1776669973.16
-0.151439386097 -0.027512621921   1.52020642292 1.52797853398  3.17266353151 -1.00031182922  13.8890327908  -4.89711492701 -0.602733731758  -3.53014958919 1776669973.17
 -0.245194659783 -0.0197623904832    1.47811110659 1.49844032804  2.39617295115 -1.27757909602  13.0012234416 -6.77373113215  1.09944404007 -2.42277450953 1776669973.18
 -0.40810384524 0.0141465765911   1.42840471172 1.48562744138  1.38846381351 -1.04537554485  11.6993791296 -5.98135538424   1.3345640432 -1.77622225667 1776669973.21
 -0.63061758566 0.0662334324131   1.36365598142 1.50386935689  1.40802438747 -1.52657642796  11.7206584771 -9.35412917492  2.16409583376  -2.8397247648 1776669973.25
-0.892431525031  0.126196719839   1.28137260634 1.56661271387  1.76134161411 -3.36742831439  11.9890773887 -21.6915885846  4.75724093202 -7.23028546456 1776669973.26
-1.16415889023 0.183245818257  1.18581488306 1.67182591453 0.200204924595 -3.07661926071  9.47191325027 -20.0120181237  3.91931575708 -7.46102453121 1776669973.27
-1.41103158023 0.227763556097  1.08802440378 1.79629715279 -0.990577572442  -2.00272259261   7.61718540191 -12.0827380059  1.92950546208 -5.06388825026 1776669973.29
-1.59812359604  0.25254611011  1.00393981685 1.90412019626 -1.19956929843 -1.02292649086   7.4250401093 -4.71002494319 0.425026692598 -2.26385161468 1776669973.31
-1.69619539622 0.253496378115 0.950961739983 1.96103734457  -1.91776043506 -0.986649187955   6.11708483768  -1.70046737674 -0.435461883038  -1.15114791479 1776669973.35
-1.68704583693 0.229774578593 0.943743041788 1.94668203408 -4.16280410214 -1.50672132964  2.02181372957  4.68736016936 -2.54487127213   1.4268567861 1776669973.36
-1.56728110079 0.183505962369 0.990203921214 1.86294076468 -4.32815712232 -1.16362199924  2.13469573894  12.8784595668 -4.22107039446  5.53488236003 1776669973.38
-1.34966631968 0.119194374136  1.08874143457 1.73814970145  -2.81470656547 -0.481978069883    5.3952710563 14.5897837134 -4.0546280551 6.84242445777 1776669973.39
 -1.06166729415 0.0429914786906   1.22733041635 1.62336861544  -1.16491264294 0.0340711249798   8.54623165633   10.161386414 -2.62676312675  4.94482923825 1776669973.41
 -0.741333139741 -0.0380624312576    1.38477423681 1.57118530405 -0.648850117652  0.506781182547   10.1764219937  11.8840295706 -3.01126587741   5.7783701682 1776669973.45
-0.431210535702 -0.116758453991   1.53387732485 1.59760906055 0.10879507929 2.04642598203 14.0002828034  20.4352274062 -5.31782792425  9.36281475951 1776669973.46
-0.171405066741 -0.186373940651   1.64589836661 1.66526165387 1.47625833412  3.5576411152 17.7547884471  17.4010844845 -4.94503278598  6.41545271462 1776669973.48
0.00688415612567  -0.241256017139    1.69539460168 1.71248787232 1.84558730179 3.48401183279 17.2321176179  7.51603688776 -2.65457863898 0.543644099655 1776669973.49
0.0860982007227 -0.277321162369   1.66452389148 1.68966260318 1.29142714859  2.3295854268 14.2866241307  0.954206363928 -0.848828050133  -2.47752913474 1776669973.51
0.0644149440044 -0.292433360263   1.54601999206 1.57475216179 1.48247090236 2.74472832126 14.3587196626  -2.44647278618 -0.172943423344  -5.96930519457 1776669973.55
-0.0451239112608  -0.286597374798    1.34434667998 1.37529713828  2.4890632464 4.92867505042 16.3808355533 -10.2489704201  1.10768692825 -17.0895468076 1776669973.56
-0.218127273186 -0.261896798264     1.074897699 1.12764112357 1.77367383807 3.94858363245 13.2753075682 -14.1730437379  2.41086264786 -21.7984923751 1776669973.58
-0.424102014503 -0.222132453193  0.761468968835 0.899466695306 0.579435013655  1.74149726987  9.63777821897 -12.2337127878  2.65094049364 -18.9798051423 1776669973.59
-0.632179560815 -0.172175223562  0.432522659282 0.785093087165 -0.179742729845 0.0284952955559   8.11991151613 -6.79495856297  1.82050193373 -11.1738042649 1776669973.61
-0.816049068147  -0.11712219265  0.116941173844 0.83266375433 -0.713311918606  -1.10018870144   6.66037516695 -6.10385748813  2.08063817616 -11.1298808243 1776669973.65
 -0.957127475541 -0.0614093614897  -0.159993069015 0.972348649532 -2.10774743516 -4.03279964008  2.45985724977  -8.1574214251  3.87688871176 -17.6567664095 1776669973.66
   -1.04552361184 -0.00806232903199    -0.37975725619 1.11238491436  -2.6581127445 -5.78645712306  1.94698665531 -4.52321409356  3.83054744371 -13.8299932961 1776669973.68
 -1.07894668255 0.0417549465313  -0.53246246387 1.20390435449 -2.16759753643 -5.32875242796  4.32392591783 -0.432065749953   2.85080856249  -6.99097680697 1776669973.69
 -1.06020361449 0.0887976448312 -0.617284896492 1.23002332065 -1.15470319453 -3.28839662402  7.36087229817  1.48599083621   1.6419590345 -1.91302650283 1776669973.71
 -0.99420280655  0.135393459919 -0.641559557057 1.19095309513 -0.956259819394  -3.38301731996   8.21432951152    3.34351014785    1.83536146067 -0.0298916227225 1776669973.75
-0.885386739289  0.184760313175 -0.618847792924 1.09590996083 -1.01053293589 -5.35301648426  8.77958823247 9.01466141794 3.66002591843 2.62674232873 1776669973.76
  -0.7362848268  0.240110259247 -0.566405977423 0.959470694723 -0.184171083256  -3.78633060375   10.2134209815 10.5101232011 3.69924589691 3.61903057314 1776669973.78
-0.547500996493  0.303685888428 -0.502501027999 0.802801185307 0.462284193859 -2.59264606638  10.9585310021 12.2881390328 3.99851185235 3.60625328835 1776669973.79
-0.319039871553  0.375880117843 -0.443955296494 0.663452038896 0.622138480814 -1.05861687157  10.7187326248 9.27251507834 2.82688449994 1.84171222013 1776669973.81
-0.0525296041118   0.454586366369  -0.404189528448 0.610554910474  0.846983482684 -0.565270732894   10.6726137236  10.6868624388  3.00624159255 0.983907923107 1776669973.85
 0.246318894247  0.534916976995 -0.391904381434 0.707388305054   1.69005415212 -0.309380856723   11.0751419699   20.9840217356   5.25450472605 -0.211811701675 1776669973.86
 0.565743747107  0.609405127372 -0.410430349786 0.927304517774  1.69908077324 0.228462001357  10.8991962221  22.3977809477  4.67814299158 -2.29988198669 1776669973.88
 0.887103187087  0.668755260157 -0.457702339539 1.20153114573  1.31897127196 0.579440429386  10.8573271772  19.1773170465    2.899261079 -3.59954139852 1776669973.89
  1.18562822279  0.703120370723 -0.526781340236 1.47566633045  0.57067784835 0.495955742777   10.637183237  9.19425630412 0.589806344939 -2.51232092118 1776669973.91
  1.43289422116  0.703767446489 -0.606839168896 1.70784315576 0.438144530614 0.719804639824   11.182267327   7.4161637653 -0.68330164523 -2.81782308198 1776669973.95
  1.60078305836  0.664869330004 -0.684522311886 1.86363312413 0.608757554803  1.92345244355  13.9764840562  8.61891147353 -4.38245057827 -5.12311744307 1776669973.97
 1.66633595099 0.585069528886 -0.74559792071 1.9170023773 0.42855432654 2.52700732456 15.6609109299  0.61821429069 -7.68145933011 -3.60665454337 1776669973.98
  1.61659163006  0.468444073515 -0.776749324138 1.85368494112 0.257604498377  2.41514773045   15.403798936  -6.74256835291  -8.20843176078 -0.684908817967 1776669973.99
