  0.185691702072  -0.429411216532 -0.0621867197538 1776669963.99
 0.157554035651 -0.412909344459 -0.044383517134 1776669964.01
  0.126198750705  -0.390649469301 -0.0250836619917 1776669964.05
 0.0949801155469   -0.36213529022 -0.0063395074076 1776669964.06
 0.0672330867364  -0.327229335971 0.00996938762971 1776669964.08
0.0457236049158 -0.286422630211 0.0224045267919 1776669964.09
0.0321785428257 -0.241008194021 0.0301547653747 1776669964.11
0.0270108679157 -0.193090430103 0.0331051559253 1776669964.15
0.0293115376585 -0.145397909241 0.0317785801796 1776669964.16
0.0371124247622 -0.100917687577 0.0271688695713 1776669964.18
 0.0478544513374 -0.0624201732527  0.0205073271073 1776669964.19
 0.0589431922383 -0.0319791358591  0.0130166163745 1776669964.21
 0.0682554842555 -0.0106004587542 0.00570475158532 1776669964.25
   0.0744792449199    0.0019486075773 -0.000761343085523 1776669964.26
  0.0772173801974  0.00706662133981 -0.00608485614243 1776669964.28
  0.076849834706 0.00702126794345 -0.0102772905457 1776669964.29
 0.0742078378727  0.0045062544008 -0.0135331910726 1776669964.31
 0.0701569641728 0.00216300323898 -0.0160802145287 1776669964.35
 0.0652028659119 0.00217812854395 -0.0180432044044 1776669964.36
 0.0592240527292 0.00603662731337 -0.0193509087666 1776669964.38
 0.0514036745804   0.014462704184 -0.0196987231714 1776669964.39
0.0403845496058 0.0275320689534   -0.0185656914 1776669964.41
 0.0246188199193  0.0449045055591 -0.0152733399774 1776669964.45
 0.00283637912268   0.0661099215309 -0.00907012598056 1776669964.47
 -0.0254763522178   0.0908248214554 0.000772259081762 1776669964.48
-0.0597078262204    0.11909359035  0.0148596255463 1776669964.5
-0.0979725823083   0.151470858264  0.0335800707599 1776669964.51
-0.137258018258  0.189078288292 0.0570240199279 1776669964.55
-0.173887767219  0.233576618346 0.0849387037476 1776669964.57
-0.204252707187  0.287053440496  0.116740844372 1776669964.58
-0.225685527822  0.351824945441     0.151605061 1776669964.59
-0.237290370937  0.430151319106  0.188625877477 1776669964.61
-0.240505098357  0.523873395074  0.227022899674 1776669964.65
-0.239189187904  0.633992775179  0.266331872408 1776669964.67
-0.239105769018  0.760237337136  0.306510519253 1776669964.68
-0.246796778654  0.900674488659  0.347896195114 1776669964.69
-0.268011585819   1.05144811425  0.390985295562 1776669964.71
-0.306002341052   1.20671419242  0.436056881571 1776669964.75
-0.360098578049   1.35883194936  0.482721835064 1776669964.77
-0.424980278815   1.49883641305  0.529525352378 1776669964.78
-0.490962029806   1.61718096437  0.573745784171 1776669964.8
-0.545388990098    1.7046981029  0.611504435938 1776669964.81
-0.574970031882   1.75368295702  0.638229646703 1776669964.86
-0.568605120233   1.75896011327  0.649420793278 1776669964.87
-0.52008314851  1.71876176294 0.641562679812 1776669964.88
-0.429995860743   1.63524121263  0.612979454345 1776669964.9
-0.30635432504  1.51448345457 0.564411703366 1776669964.91
 -0.1636768039  1.36595357666 0.499155020576 1776669964.96
-0.0206691419836    1.20142906512   0.422698862671 1776669964.97
 0.10304986342  1.03356800821 0.341923607722 1776669964.98
0.190498958541 0.874344164494 0.264019696578 1776669965
0.230414821317 0.733610433961 0.195357954986 1776669965.01
0.219223759344 0.618026293981 0.140548127267 1776669965.06
0.161519028131 0.530510111716 0.101872168845 1776669965.07
0.0689923219855  0.470274641686 0.0791846780258 1776669965.08
-0.0418995332203    0.43339893993   0.070261428252 1776669965.1
-0.153000762708  0.413804036859 0.0714784351759 1776669965.11
-0.247609040178  0.404445961367 0.0786430091602 1776669965.16
-0.313104262663  0.398522036812 0.0877868928033 1776669965.17
-0.342607920933  0.390502055216 0.0957669577331 1776669965.19
-0.335466491486  0.376838335674  0.100585778687 1776669965.2
-0.296604938982  0.356269251931  0.101421278257 1776669965.21
-0.235007852063  0.329700363735 0.0984209724964 1776669965.26
-0.161718763801  0.299716435893 0.0923578691309 1776669965.27
-0.0877870080895   0.269836886575  0.0842562519818 1776669965.29
-0.0225407830026   0.243667204162  0.0750792539622 1776669965.3
0.0275531905813  0.224111676981 0.0655351593158 1776669965.31
 0.059335541814  0.212794392977 0.0560175603615 1776669965.36
0.072747743927 0.209788290105  0.04665727516 1776669965.38
0.0701318528294  0.213685533911 0.0374397819245 1776669965.39
0.0552604772178  0.221971188016 0.0283347113158 1776669965.4
0.0323324675508  0.231601737169 0.0193925711234 1776669965.41
0.00513619401885   0.239653324522  0.0107832564464 1776669965.46
 -0.023482260055   0.243898466335 0.00277384576195 1776669965.47
 -0.0517891163619     0.24319412025 -0.00433723884719 1776669965.49
-0.0789965025209   0.237611031982 -0.0103012094799 1776669965.5
 -0.104855791419   0.228292294332 -0.0149849921916 1776669965.51
 -0.129154085757   0.217084916208 -0.0183995931742 1776669965.56
 -0.151271884375   0.206031331395 -0.0206809323387 1776669965.57
 -0.169938648463   0.196832122239 -0.0220283692786 1776669965.59
-0.183270120967   0.19039489861 -0.022619555101 1776669965.6
 -0.189098480997   0.186567803797 -0.0225288319156 1776669965.61
 -0.185529579161   0.184121377854 -0.0216778322857 1776669965.64
 -0.171596706291   0.180993209131 -0.0198401441844 1776669965.67
 -0.147841009198   0.174752953743 -0.0167076374644 1776669965.69
 -0.116644043207   0.163191730891 -0.0120072227029 1776669965.7
 -0.0821723087684    0.144902619329 -0.00563842875901 1776669965.71
-0.0498650202247   0.119709629147  0.0022097404008 1776669965.73
-0.0254951452431  0.0888273741786  0.0110045987037 1776669965.77
-0.0139419703952  0.0546907132553  0.0199070711242 1776669965.79
-0.0179066914632  0.0204717226207  0.0279053353763 1776669965.8
-0.0368550199093 -0.0106180827201  0.0340213483666 1776669965.81
-0.0664626918468 -0.0360810331989  0.0375427597095 1776669965.83
-0.0987642217548 -0.0547591633936  0.0382207071659 1776669965.87
 -0.123072452156 -0.0671724162358  0.0363784541488 1776669965.89
 -0.127572804169 -0.0754735524414  0.0328964110917 1776669965.9
 -0.101338427303 -0.0830140193188  0.0290703982608 1776669965.91
-0.0363986760914 -0.0936070495261    0.02637299468 1776669965.92
0.0705471719323 -0.110645833025 0.0261725660592 1776669965.97
 0.217133221887 -0.136269721339 0.0294737262504 1776669965.99
 0.395283831734 -0.170763540025 0.0367343306781 1776669966
 0.592179472493 -0.212327171093 0.0477911637656 1776669966.01
 0.792087844734 -0.257275427458 0.0618972130309 1776669966.02
  0.97874161049 -0.300638096101 0.0778474178242 1776669966.07
  1.13783132852 -0.337045596418 0.0941549649071 1776669966.09
  1.25915587604 -0.361724784733  0.109239883618 1776669966.1
  1.33803739195 -0.371405262039   0.12160316363 1776669966.11
  1.37574803397 -0.364954607343  0.129975345407 1776669966.13
   1.3788817569 -0.343617299694  0.133439857007 1776669966.17
  1.35780048407 -0.310813796314  0.131532944119 1776669966.19
  1.32445625236 -0.271544509979  0.124314452176 1776669966.2
  1.29000930975 -0.231518612612  0.112392854269 1776669966.21
  1.26270366445 -0.196174522659 0.0968817745376 1776669966.23
  1.24641467581   -0.1697706751 0.0792702224261 1776669966.27
  1.24015311533 -0.154703645668 0.0612068425876 1776669966.28
  1.23861942038 -0.151164247475 0.0442259287566 1776669966.3
  1.23368583254 -0.157181654066 0.0294704279697 1776669966.31
  1.21648380221 -0.169040912126 0.0174824933535 1776669966.33
   1.17963195574  -0.181998329291 0.00812554591584 1776669966.36
    1.11909547489   -0.191168887932 0.000671495308253 1776669966.38
    1.03524635815   -0.192427057853 -0.00595883792096 1776669966.4
  0.932890213688  -0.183154730235 -0.0128595887958 1776669966.41
   0.82029119874  -0.162693484345 -0.0207954776475 1776669966.43
  0.707481305231  -0.132413560036 -0.0299417558731 1776669966.46
  0.604300312623 -0.0953904544811 -0.0397803740765 1776669966.48
  0.518631560734 -0.0557648270784 -0.0491842549304 1776669966.5
   0.45518671261 -0.0179305733542 -0.0566726924099 1776669966.51
  0.415007959988  0.0142698191743 -0.0607753049659 1776669966.53
  0.395670979945  0.0381740134286 -0.0604113059032 1776669966.55
  0.392038111983  0.0526357436817 -0.0551841634194 1776669966.58
   0.39734431525  0.0580281459123 -0.0455126399322 1776669966.59
  0.404386415623  0.0559549116439 -0.0325634823494 1776669966.61
  0.406609150863  0.0487712580327 -0.0180063585791 1776669966.62
   0.398926219051   0.0390453059413 -0.00366100691603 1776669966.65
  0.378174465939  0.0290825884742 0.00886548009226 1776669966.68
 0.343167292364 0.0205995064311 0.0184546901323 1776669966.7
 0.294377382219 0.0145805441771 0.0245981847952 1776669966.71
 0.233327667933 0.0113056132412 0.0273413579353 1776669966.72
 0.161801458767 0.0105003101303 0.0270762213022 1776669966.75
 0.081007360005 0.0115475018622 0.0242507059705 1776669966.78
-0.00913837627195   0.0137004962767   0.0190872565793 1776669966.8
-0.110425893266 0.0162499816486  0.011406937858 1776669966.81
  -0.226282173682    0.018614218716 0.000633304990065 1776669966.82
 -0.361106355915  0.0203429099151 -0.0139966114141 1776669966.86
-0.519041302645 0.0210488573477 -0.033050509558 1776669966.88
 -0.702401297425  0.0203045319509 -0.0564478116079 1776669966.9
 -0.910142509648   0.017556008068 -0.0830760651654 1776669966.91
 -1.13683089938 0.0121064552262 -0.110617949884 1776669966.93
  -1.37248507623 0.00320146186804  -0.135684491811 1776669966.95
   -1.60346125989 -0.00978763514189   -0.154268763427 1776669966.98
  -1.81427215608 -0.0271273139289  -0.162440942224 1776669967
 -1.98998421612 -0.048507911806 -0.157128776713 1776669967.01
   -2.1186942582 -0.0729345434314  -0.136791305518 1776669967.03
  -2.19357770378 -0.0987825909177  -0.101810034492 1776669967.05
   -2.2141107428  -0.124030885228 -0.0544873142998 1776669967.09
  -2.18625213379  -0.146630644711 0.00136097005601 1776669967.1
 -2.12157353277 -0.164923724181 0.0611283206335 1776669967.11
 -2.03550448504 -0.178004450343  0.120285369168 1776669967.12
 -1.94498177521 -0.185930318826  0.175185045188 1776669967.14
 -1.86585808436 -0.189723247718  0.223615213695 1776669967.19
 -1.81044593286 -0.191153801548   0.26497576275 1776669967.2
 -1.78556625701 -0.192352661637  0.300055830294 1776669967.21
  -1.7914368921 -0.195334253259  0.330491012169 1776669967.22
 -1.82165390773 -0.201537277947  0.358061737927 1776669967.24
 -1.86436391626 -0.211481479813  0.384029906542 1776669967.29
 -1.90449911106 -0.224611731283  0.408691080727 1776669967.3
 -1.92669239554 -0.239358091121  0.431249972016 1776669967.31
 -1.91828488097 -0.253395246983  0.450028777634 1776669967.32
 -1.87176249018 -0.264046762856  0.462921534512 1776669967.34
-1.78605959102 -0.26875518896 0.467943095283 1776669967.39
 -1.66643616691 -0.265530851048  0.463708241819 1776669967.4
 -1.52300273035 -0.253299481101  0.449716760748 1776669967.41
 -1.36832524378 -0.232089193019  0.426396896146 1776669967.42
 -1.21477594529 -0.203026835149  0.394942509198 1776669967.43
 -1.07232581676 -0.168148017815  0.357037754101 1776669967.48
-0.947289953626 -0.130059168234  0.314578197265 1776669967.5
 -0.842204827672 -0.0915182057281   0.269469051233 1776669967.51
 -0.756655285683 -0.0550168654874   0.223526844142 1776669967.52
 -0.688603082024 -0.0224472698124   0.178456197842 1776669967.53
 -0.635679758065 0.00508389624571   0.135841513211 1776669967.58
-0.596008256095 0.0272652661026 0.0970957055311 1776669967.6
-0.568356488954 0.0444289539107 0.0633409565144 1776669967.61
-0.551706570172 0.0572899205013 0.0352433383813 1776669967.62
-0.544543647226 0.0666533296686 0.0128623717524 1776669967.63
  -0.544255308512   0.0731689470509 -0.00440972751617 1776669967.68
 -0.546965518546   0.077192116987 -0.0177628681547 1776669967.7
 -0.547940890816  0.0787759647384 -0.0287259434347 1776669967.71
 -0.542476121204  0.0777799205269 -0.0388074933624 1776669967.72
  -0.52697435736  0.0740469188452 -0.0491062594535 1776669967.74
 -0.499852666465  0.0675846201934 -0.0599973515191 1776669967.78
  -0.46194833895  0.0586889683604 -0.0709877038173 1776669967.8
 -0.416258900824  0.0479699818046 -0.0807936731542 1776669967.81
 -0.367061843661  0.0362731641385 -0.0876356098083 1776669967.82
 -0.318658120592  0.0245247386796 -0.0896857676546 1776669967.84
 -0.274103751362  0.0135536564112 -0.0855638301347 1776669967.88
 -0.234301487213 0.00394966461055 -0.0747602691036 1776669967.9
  -0.197720582863 -0.00399735085115  -0.0578847267608 1776669967.91
  -0.16083087302 -0.0102608446959 -0.0366786058059 1776669967.92
 -0.119130990517 -0.0149622586651 -0.0137858698064 1776669967.94
-0.0684770712677  -0.018222860391 0.00767015831545 1776669967.97
-0.0063243662894 -0.0200409962066  0.0246149389275 1776669968
 0.0674945287229 -0.0202457923428  0.0345451647581 1776669968.01
  0.150714873805 -0.0185536016742  0.0359360298943 1776669968.02
  0.239372914009 -0.0147181267686  0.0284474200671 1776669968.04
   0.329162627507 -0.00872946133146   0.0128858596606 1776669968.07
    0.417047624099 -0.000992430552864  -0.00906581945367 1776669968.1
  0.502638283413 0.00759042798206  -0.035282150487 1776669968.11
  0.588849536074  0.0156870430134 -0.0636778154685 1776669968.12
  0.681502710135  0.0217707804255 -0.0926055236057 1776669968.13
 0.787804165642 0.0244856865592 -0.121050578964 1776669968.16
 0.913965210459 0.0230555830922  -0.14855618087 1776669968.2
   1.0625364374 0.0176186373456 -0.174893055003 1776669968.21
   1.23022186751 0.00936785680139  -0.199573551418 1776669968.22
    1.40693731189 0.000413368437986   -0.221378004193 1776669968.23
    1.57664833145 -0.00664976450045   -0.238085700569 1776669968.25
    1.72009390525 -0.00939865613907   -0.246569647495 1776669968.3
    1.81896869696 -0.00631413871909   -0.243324538461 1776669968.31
   1.86064609814 0.00261440751404  -0.225369672132 1776669968.32
   1.8422311775 0.0156112555617 -0.191336236566 1776669968.33
   1.7727507148 0.0293023715372 -0.142450949852 1776669968.35
   1.67264867526  0.0393938412179 -0.0831006540709 1776669968.4
   1.57039406596  0.0417242633005 -0.0207245099513 1776669968.41
  1.49676993537 0.0334463226499 0.0350728307464 1776669968.42
   1.4780881901 0.0140192934578 0.0740937948771 1776669968.43
   1.52995666573 -0.0142927110931  0.0875124136133 1776669968.45
   1.65317374786 -0.0466143688703  0.0697957484331 1776669968.49
    1.8328298209 -0.0763628231538  0.0201136451841 1776669968.51
   2.04088537089 -0.0966776661241 -0.0571377917192 1776669968.52
  2.24160924864 -0.102030942719 -0.152870830085 1776669968.53
    2.3985588138 -0.0896010994846  -0.254812930088 1776669968.55
  2.48146361195 -0.060043833823 -0.349660020453 1776669968.59
   2.47150618204 -0.0174493043191  -0.425396881278 1776669968.61
  2.36400587831 0.0315067071516 -0.473279378821 1776669968.62
  2.16822422867 0.0789957755356 -0.489077258806 1776669968.64
  1.90470194412  0.117684920505 -0.473374024703 1776669968.65
   1.6010206099  0.142191478201 -0.430951798647 1776669968.69
  1.28705894839  0.150010667825 -0.369490042123 1776669968.71
 0.990695349104  0.141740566973 -0.297929503431 1776669968.72
 0.734591371785  0.120620922318 -0.224876305563 1776669968.74
 0.534307931905  0.091570593454 -0.157354371244 1776669968.76
 0.397676128165  0.060009917192 -0.100087867927 1776669968.79
  0.325141091097  0.0307691943878 -0.0553492768342 1776669968.81
  0.310736733859 0.00731965697172 -0.0232809749947 1776669968.82
   0.343402039904 -0.00855327575457 -0.00251561231247 1776669968.84
  0.408459025412 -0.0166442955212 0.00910577471178 1776669968.86
 0.489178364534 -0.017905963978 0.0138934870222 1776669968.89
  0.568415636601 -0.0138837317477  0.0138613763926 1776669968.91
   0.630290833408 -0.00618428618239   0.0105120444383 1776669968.93
  0.661817640902 0.00389129811167 0.00482937563686 1776669968.94
  0.654303295627   0.015489814428 -0.0025905299258 1776669968.96
  0.604282635956  0.0281387973988 -0.0113535557271 1776669968.99
  0.513762849709  0.0415426007501 -0.0210992844625 1776669969.01
  0.389654413655  0.0553410916343 -0.0313949806134 1776669969.03
   0.24242876331  0.0689243219169 -0.0417044309739 1776669969.04
0.0842232492393 0.0813650269287 -0.051418315372 1776669969.06
-0.0732523141081  0.0914871496936 -0.0599194046311 1776669969.09
-0.220610294454 0.0980468540884 -0.066655365056 1776669969.11
 -0.352141129972  0.0999732469655 -0.0711996304085 1776669969.13
-0.466421268076 0.0966043501895  -0.07329023819 1776669969.14
 -0.566121803958  0.0878594120989 -0.0728430754467 1776669969.16
 -0.657108146589   0.074307049196 -0.0699387257275 1776669969.19
 -0.747022967128  0.0571135284888 -0.0647832338165 1776669969.21
 -0.843604823523  0.0378803815835 -0.0576455312059 1776669969.22
 -0.953021802636  0.0184009032159 -0.0487793444459 1776669969.24
   -1.07849869395 0.000378690935387   -0.038344004538 1776669969.25
  -1.21948359332 -0.0148423893488 -0.0263437348017 1776669969.29
  -1.37152662173 -0.0264887501909 -0.0126054723016 1776669969.31
  -1.52692650521 -0.0344691248305 0.00319091520023 1776669969.32
  -1.67605128755 -0.0393653693976  0.0214286450853 1776669969.34
  -1.80908537504 -0.0423007705688  0.0424305655297 1776669969.35
  -1.91783678594 -0.0447076338213  0.0663242249366 1776669969.39
  -1.99719778272 -0.0480361511744  0.0929299212481 1776669969.41
  -2.04591606615 -0.0534599497374   0.121702438754 1776669969.42
  -2.06649809388 -0.0616371292545   0.151744032327 1776669969.43
  -2.06428868389 -0.0725769915882   0.181887903085 1776669969.45
  -2.04598358728 -0.0856420871707   0.210833665632 1776669969.46
  -2.01796681238 -0.0996860061167   0.237304210003 1776669969.51
 -1.98488368241 -0.113296403697  0.260189929392 1776669969.52
 -1.94876766847 -0.125088593597  0.278652007842 1776669969.53
 -1.90887347183 -0.133984552785  0.292169398503 1776669969.54
 -1.86218645528 -0.139417894622  0.300530446486 1776669969.56
  -1.8044304897 -0.141424857983  0.303785204066 1776669969.61
 -1.73131446482 -0.140608720978  0.302184306077 1776669969.62
 -1.63974877171 -0.137993207167   0.29613228154 1776669969.63
-1.52881082471 -0.13480306484 0.286176517807 1776669969.64
 -1.40031414446 -0.132222470999  0.273038525575 1776669969.66
 -1.25891155078 -0.131181919725  0.257674412973 1776669969.71
 -1.11172658067 -0.132212208152    0.2413318268 1776669969.72
-0.967561089423 -0.135383491915  0.225558399398 1776669969.73
-0.835779696507 -0.140324295281  0.212119042675 1776669969.74
-0.725024656904 -0.146297113999  0.202799533093 1776669969.76
-0.641956724073 -0.152299703045  0.199108439583 1776669969.81
-0.590230958012 -0.157166249106  0.201928740075 1776669969.82
-0.569888241988 -0.159657354803  0.211201280759 1776669969.83
 -0.57727314883 -0.158545101586  0.225732794868 1776669969.84
 -0.60549013596 -0.152711169364  0.243205322696 1776669969.86
-0.645306035849 -0.141275924965  0.260423098506 1776669969.91
-0.686324024827 -0.123763065838  0.273776426875 1776669969.92
-0.718214936629 -0.100281822848  0.279844312001 1776669969.93
  -0.73180602918 -0.0716851659063   0.276014788235 1776669969.95
 -0.719888360077 -0.0396476878255   0.260987184579 1776669969.96
  -0.677689985282 -0.00660869343732    0.235039992482 1776669970.01
-0.603044764754 0.0244525644511  0.199998265463 1776669970.02
-0.496341017804 0.0504049607945  0.158903116269 1776669970.03
-0.360347527884 0.0684676273707  0.115454263707 1776669970.05
-0.199987347178 0.0767372761387 0.0733452056091 1776669970.06
-0.0220757900744  0.0746292134631  0.0356256470668 1776669970.11
  0.165020142078  0.0631229310037 0.00420466543581 1776669970.13
 0.351882586517 0.0447327446109 -0.020439256282 1776669970.14
  0.528782299991  0.0231764250888 -0.0393300741646 1776669970.15
  0.686678683693 0.00278012354926 -0.0548794541824 1776669970.16
  0.818399308173 -0.0122778290181 -0.0706350746057 1776669970.21
  0.919796642923 -0.0187338792125 -0.0909337226984 1776669970.23
  0.990585670399 -0.0148488617574  -0.120477368516 1776669970.24
     1.03454893251 -0.000712653753294    -0.163828135768 1776669970.25
   1.0588889184 0.0218450938636 -0.224814095382 1776669970.26
    1.072710104 0.0497399077103 -0.305861583792 1776669970.31
  1.08487942525 0.0794173379451 -0.407318165045 1776669970.33
  1.10176326388  0.107757778744 -0.526886913229 1776669970.34
  1.12547606056  0.132874623353 -0.659332240287 1776669970.35
  1.15322432689  0.154587159378 -0.796615370233 1776669970.36
    1.178067358  0.174416642109 -0.928560061765 1776669970.41
 1.19099550993 0.195067975125 -1.04404121272 1776669970.43
 1.18377384866 0.219494317362   -1.132555197 1776669970.44
 1.15167502364 0.249764285698  -1.1859089697 1776669970.45
 1.09517011724 0.286028627145 -1.19969395069 1776669970.46
 1.01991906921 0.325890988187 -1.17421759402 1776669970.51
0.934946826997 0.364415799598 -1.11465686715 1776669970.53
0.849541375768 0.394864177791  -1.0303562567 1776669970.54
 0.769936527413  0.410064791974 -0.933380269494 1776669970.55
 0.697032217585   0.40414499642 -0.836597610413 1776669970.56
 0.626143324895  0.374217566444 -0.751676417365 1776669970.61
 0.549097470971  0.321581083435 -0.687381452874 1776669970.63
 0.458128757897    0.2520672362 -0.648485832825 1776669970.64
 0.350248113113  0.175347254184 -0.635465769791 1776669970.65
 0.230418127149  0.103255121626 -0.644974266677 1776669970.66
 0.112103795831 0.0474394478877 -0.670928909598 1776669970.71
0.0145852580891 0.0168544397091 -0.705934775812 1776669970.73
-0.0424412256027  0.0156878094001  -0.742719137366 1776669970.74
-0.0453770959822  0.0422669306171  -0.775286428989 1776669970.75
0.00783985032719   0.089283806781  -0.799597612838 1776669970.76
 0.105410331258  0.145370485597 -0.813710350676 1776669970.81
 0.223593345119  0.197708475086 -0.817451020574 1776669970.83
  0.33261060442  0.235058172821 -0.811794236513 1776669970.84
 0.404870095692  0.250436389282 -0.798176467765 1776669970.85
  0.42293234966  0.242713788427 -0.777956897134 1776669970.86
 0.384585350557  0.216660333327 -0.752165837494 1776669970.91
 0.303257381682  0.181382622066 -0.721570244251 1776669970.93
 0.203517756564  0.147562181771 -0.686970922967 1776669970.94
 0.113079272621  0.124278913799 -0.649563678151 1776669970.95
0.0539368433812  0.116362882077  -0.61117436901 1776669970.96
0.0356070385645  0.123092031284 -0.574223962434 1776669971.01
0.0527338682272  0.138662093145 -0.541379735092 1776669971.03
0.0878253856299  0.154306554853 -0.514969416035 1776669971.04
 0.118104643652   0.16140867247 -0.496334430391 1776669971.05
 0.124026728908  0.154601651097 -0.485340210848 1776669971.06
0.0964419330124  0.133822413432 -0.480228211889 1776669971.11
0.0398795464438  0.104594524247 -0.477894098138 1776669971.13
-0.0291880696331  0.0763779973163  -0.474541649561 1776669971.14
-0.0884593378028  0.0594596561785  -0.466537246432 1776669971.15
-0.118107766123 0.0613578593576 -0.451217905476 1776669971.17
-0.108324552865 0.0839095800228 -0.427412282898 1776669971.21
-0.0634249537816   0.122024215956   -0.39551864741 1776669971.23
-0.00105228417211    0.164580031127   -0.357120497934 1776669971.24
0.0532847407567  0.197267766827  -0.31426587182 1776669971.26
0.0745112027809  0.206569267662 -0.268644056694 1776669971.27
0.0463525297959  0.183696670223 -0.220929041667 1776669971.31
-0.0329808151979   0.127324030863  -0.170511021814 1776669971.33
-0.149599938985 0.0443096746599 -0.115719776649 1776669971.34
 -0.277540266851  -0.051790960466 -0.0544918429166 1776669971.36
-0.385927938656 -0.143980879604  0.014707644631 1776669971.37
 -0.44742096693 -0.215920999538 0.0919855812092 1776669971.41
-0.445378324664  -0.25575953408  0.175429304315 1776669971.43
-0.377775820252 -0.258716686377  0.261032958791 1776669971.45
-0.257024885966 -0.227850133659  0.343214264792 1776669971.46
-0.106140560066 -0.172947820078  0.415832381283 1776669971.47
0.0472799010993 -0.107976375191   0.47347661338 1776669971.51
  0.177358547208 -0.0478269475188   0.512714501621 1776669971.53
    0.26480250801 -0.00518205368281    0.532989643943 1776669971.55
0.299308781941 0.011811314072 0.536946159028 1776669971.56
  0.279383914944 0.00066453458649   0.530106439003 1776669971.57
  0.210249069459 -0.0355953455961    0.52000060442 1776669971.61
  0.100949632603 -0.0896061074273   0.514989156879 1776669971.64
-0.0382035644399  -0.151483506274   0.523089323114 1776669971.65
 -0.19710596676 -0.210817265665  0.551085766519 1776669971.66
-0.366062445728 -0.258467291817  0.604084162537 1776669971.67
 -0.53509455605 -0.287908721586  0.685490519877 1776669971.71
-0.693069108083  -0.29601580697  0.797231518167 1776669971.74
-0.827401205415  -0.28328515288  0.939935751732 1776669971.75
-0.924827887196 -0.253561350901   1.11281577606 1776669971.76
-0.973311673974 -0.213349879171   1.31312931319 1776669971.77
-0.964678325483 -0.170806187563   1.53531264437 1776669971.81
-0.897270330527 -0.134500847197   1.77009489563 1776669971.84
-0.777799175245 -0.112091539295    2.0040357796 1776669971.85
-0.621720474307 -0.109077277001   2.21991931473 1776669971.86
-0.451784778611 -0.127845003742   2.39826287443 1776669971.87
-0.294841638946 -0.167213763533    2.5198985329 1776669971.91
-0.177393688847 -0.222616671368   2.56923433746 1776669971.94
-0.120721401995 -0.286937973695   2.53751593539 1776669971.95
-0.136561046833 -0.351869402425    2.4252850354 1776669971.96
-0.224279205555 -0.409512170711   2.24332718144 1776669971.97
-0.370240648326 -0.453874709461   2.01170705171 1776669972.01
 -0.54964534575 -0.481931005634   1.75692924766 1776669972.04
-0.730591251298 -0.494010592932    1.5077185498 1776669972.05
-0.879615088383 -0.493459011741   1.29026154101 1776669972.06
-0.967601074491 -0.485686883554   1.12389657272 1776669972.07
-0.974833763898 -0.476864159297   1.01814343701 1776669972.11
-0.894153850864 -0.472576875038   0.97165717586 1776669972.14
-0.731619932622 -0.476737162946  0.973257610617 1776669972.15
 -0.50466987801 -0.490940938597   1.00474008444 1776669972.16
-0.238349897565 -0.514337455435    1.0448190848 1776669972.18
0.0394207038158 -0.543951374523   1.07336634892 1776669972.21
 0.302457671186 -0.575313822143   1.07510429867 1776669972.24
 0.529867942488 -0.603230175393   1.04208590508 1776669972.25
 0.708011064611 -0.622535408883  0.974581879944 1776669972.27
  0.83078979134 -0.628742744976  0.880335190988 1776669972.28
0.898603852441 -0.61855057555 0.772458104392 1776669972.31
 0.916548184519 -0.590212333165  0.666477700472 1776669972.34
 0.892477739015 -0.543782695844  0.577146237675 1776669972.35
 0.835418881017 -0.481234949475  0.515616702727 1776669972.37
   0.7545568941 -0.406414420425   0.48746150025 1776669972.38
 0.658766287579 -0.324772894637  0.491820444844 1776669972.41
 0.556461023217 -0.242837331905  0.521745726479 1776669972.44
  0.45547570716 -0.167411121902  0.565605790338 1776669972.45
 0.362750166294 -0.104580567938  0.609247738717 1776669972.47
   0.28374056788 -0.0586811268602   0.638518068585 1776669972.48
  0.221657091241 -0.0314366095783   0.641711384328 1776669972.51
 0.176765773587 -0.021492477745  0.611552358087 1776669972.54
  0.146044201829 -0.0245085577254   0.546405685875 1776669972.56
  0.123431803581 -0.0338647483029   0.450535562599 1776669972.57
  0.100781154027 -0.0418923048463   0.333382220217 1776669972.58
 0.0694346033054 -0.0414097387161   0.207970352547 1776669972.61
 0.0221683036822 -0.0272514688627  0.0886951780499 1776669972.64
 -0.044889937745 0.00254681393772 -0.0111703672835 1776669972.66
 -0.130814605175  0.0461915051413 -0.0818536030079 1776669972.67
 -0.22930171796  0.098371304424 -0.118957847674 1776669972.68
-0.329191622745  0.151299707808 -0.124512680113 1776669972.71
-0.416100669595  0.196387399492 -0.106990784021 1776669972.74
 -0.474905165409   0.226214616003 -0.0802366202237 1776669972.76
 -0.492594529804   0.236372082084 -0.0614244372401 1776669972.77
 -0.460885185233   0.226724453884 -0.0683306856512 1776669972.78
-0.378008727213  0.201740208641 -0.116341146462 1776669972.81
-0.249265089274  0.169722618365 -0.215688492765 1776669972.85
-0.0862239394791    0.14103547156  -0.369410373225 1776669972.86
0.0952140855429  0.125684836906 -0.572422852994 1776669972.87
 0.277415914461   0.13081959899 -0.811927345659 1776669972.88
 0.44366450799 0.158781206942 -1.06913704235 1776669972.91
0.580293831832 0.206232029428 -1.32206281004 1776669972.95
0.677949357765 0.264636743158  -1.5488887655 1776669972.96
0.731902049274 0.322027378877 -1.73134129217 1776669972.97
0.741623421534 0.365646561524 -1.85744234408 1776669972.98
0.710009346178 0.384831935374 -1.92314265694 1776669973.01
0.642665425848 0.373443505379 -1.93253194638 1776669973.05
0.547534318556  0.33125933645 -1.89658417962 1776669973.06
0.434906259147 0.264034665837 -1.83067298288 1776669973.07
0.317596314016 0.182256123846 -1.75133965813 1776669973.08
 0.210892354624 0.0989328560828  -1.67296767083 1776669973.11
 0.131849946674 0.0269697992874  -1.60506952774 1776669973.15
 0.0976596527934 -0.0232790113972   -1.55079551304 1776669973.16
  0.123104927847 -0.0457759514359   -1.50702851601 1776669973.17
  0.217479532672 -0.0395872341004   -1.46607406779 1776669973.18
   0.381629825309 -0.00864226144861    -1.41856578914 1776669973.21
 0.605925125185 0.0393616614273  -1.35688074117 1776669973.25
 0.869877091364 0.0945849996736  -1.27818874052 1776669973.26
1.14382987653 0.14682229917 -1.1863041654 1776669973.27
 1.39269506677 0.187085108084 -1.09177398401 1776669973.29
 1.58122147035 0.208749832877 -1.01006566145 1776669973.31
  1.67989182899  0.208162188317 -0.958205535832 1776669973.35
   1.6703246215  0.184717622954 -0.950631322529 1776669973.36
  1.54908134982  0.140530388573 -0.995246875621 1776669973.38
  1.32903730082 0.0798476067221  -1.09064096016 1776669973.39
   1.03791849334 0.00835919328909   -1.22516409024 1776669973.41
  0.714155094277 -0.0674863918486   -1.37812477813 1776669973.45
 0.400745824481 -0.141105342029   -1.5228856298 1776669973.46
 0.138256416154 -0.206331758535  -1.63123108004 1776669973.48
-0.0417117557168  -0.257913764877   -1.67813225627 1776669973.49
-0.121313879394 -0.291956960887  -1.64599002514 1776669973.51
-0.0985998295835  -0.306288852351   -1.52758231782 1776669973.55
0.0133412428842 -0.300682748258  -1.32722585489 1776669973.56
 0.189904805644 -0.276862407679  -1.06001632147 1776669973.58
 0.400253399085 -0.238226022036 -0.749363677779 1776669973.59
 0.613098081131 -0.189282300814 -0.423327915756 1776669973.61
 0.801696705873 -0.134867670006 -0.110437978894 1776669973.65
  0.947087923416 -0.0792848260624   0.164282884488 1776669973.66
   1.03910709062 -0.0255411665706   0.382457522522 1776669973.68
  1.07532611416 0.0251451837972  0.534236372407 1776669973.69
  1.05855768143 0.0734607275696  0.618756139522 1776669973.71
0.993842149126 0.121704489486  0.64327093288 1776669973.75
0.885844293964 0.173140473989  0.62125617185 1776669973.76
0.737358586163 0.231106229513 0.569903405452 1776669973.78
0.549245588279 0.298021733389 0.507446595253 1776669973.79
0.321710963641 0.374455494627 0.450701817691 1776669973.81
0.0564914658208  0.458407060273  0.413092442284 1776669973.85
-0.240707619777   0.54495929764  0.403306199978 1776669973.86
-0.558248007893  0.626431484188  0.424620922804 1776669973.88
-0.877714107082  0.693111584466   0.47486178901 1776669973.89
 -1.1746324082 0.734554679248 0.546917728811 1776669973.91
-1.42089575381 0.741310930424 0.629736001346 1776669973.95
-1.58867071967 0.706815680711 0.709711212517 1776669973.97
-1.65519700011 0.629074505829 0.772368883427 1776669973.98
-1.60758321256 0.511746734412 0.804204799163 1776669973.99
-1.44654301238 0.364298286653 0.794485495462 1776669974.01
-1.18806686802 0.201059510953 0.736763130558 1776669974.05
